0  0
1  0
2  0
3  0
4  0
5  0
6  0
7  0
8  0
9  0
10  0
11  0
12  0
13  0
14  0
15  0
16  0
17  0
18  0
19  0
20  0
21  0
22  0
23  0
24  0
25  0
26  0
27  0
28  0
29  0
30  0
31  0
32  0
33  0
34  0
35  0
36  0
37  0
38  0
39  0
40  0
41  0
42  0
43  0
44  0
45  0
46  0
47  0
48  0
49  0
50  0
51  0
52  0
53  0
54  0
55  0
56  0
57  0
58  0
59  0
60  0
61  0
62  0
63  0
64  0
65  0
66  0
67  0
68  0
69  0
70  0
71  0
72  0
73  0
74  0
75  0
76  0
77  0
78  0
79  0
80  0
81  0
82  0
83  0
84  0
85  0
86  0
87  0
88  0
89  0
90  0
91  0
92  0
93  0
94  0
95  0
96  0
97  0
98  0
99  0
100  0
101  0
102  0
103  0
104  0
105  0
106  0
107  0
108  0
109  0
110  0
111  0
112  0
113  0
114  0
115  0
116  0
117  0
118  0
119  0
120  0
121  0
122  0
123  0
124  0
125  0
126  0
127  0
128  0
129  0
130  0
131  0
132  0
133  0
134  0
135  0
136  0
137  0
138  0
139  0
140  0
141  0
142  0
143  0
144  0
145  0
146  0
147  0
148  0
149  0
150  0
151  0
152  0
153  0
154  0
155  0
156  0
157  0
158  0
159  0
160  0
161  0
162  0
163  0
164  0
165  0
166  0
167  0
168  0
169  0
170  0
171  0
172  0
173  0
174  0
175  0
176  0
177  0
178  0
179  0
180  0
181  0
182  0
183  0
184  0
185  0
186  0
187  0
188  0
189  0
190  0
191  0
192  0
193  0
194  0
195  0
196  0
197  0
198  0
199  0
200  0
201  0
202  0
203  0
204  0
205  0
206  0
207  0
208  0
209  0
210  0
211  0
212  0
213  0
214  0
215  0
216  0
217  0
218  0
219  0
220  0
221  0
222  0
223  0
224  0
225  0
226  0
227  0
228  0
229  0
230  0
231  0
232  0
233  0
234  0
235  0
236  0
237  0
238  0
239  0
240  0
241  0
242  0
243  0
244  0
245  0
246  0
247  0
248  0
249  0
250  0
251  0
252  0
253  0
254  0
255  0
256  0
257  0
258  0
259  0
260  0
261  0
262  0
263  0
264  0
265  0
266  0
267  0
268  0
269  0
270  0
271  0
272  0
273  0
274  0
275  0
276  0
277  0
278  0
279  0
280  0
281  0
282  0
283  0
284  0
285  0
286  0
287  0
288  0
289  0
290  0
291  0
292  0
293  0
294  0
295  0
296  0
297  0
298  0
299  0
300  0
301  0
302  0
303  0
304  0
305  0
306  0
307  0
308  0
309  0
310  0
311  0
312  0
313  0
314  0
315  0
316  0
317  0
318  0
319  0
320  0
321  0
322  0
323  0
324  0
325  0
326  0
327  0
328  0
329  0
330  0
331  0
332  0
333  0
334  0
335  0
336  0
337  0
338  0
339  0
340  0
341  0
342  0
343  0
344  0
345  0
346  0
347  0
348  0
349  0
350  0
351  0
352  0
353  0
354  0
355  0
356  0
357  0
358  0
359  0
360  0
361  0
362  0
363  0
364  0
365  0
366  0
367  0
368  0
369  0
370  0
371  0
372  0
373  0
374  0
375  0
376  0
377  0
378  0
379  0
380  0
381  0
382  0
383  0
384  0
385  0
386  0
387  0
388  0
389  0
390  0
391  0
392  0
393  0
394  0
395  0
396  0
397  0
398  0
399  0
400  0
401  0
402  0
403  0
404  0
405  0
406  0
407  0
408  0
409  0
410  0
411  0
412  0
413  0
414  0
415  0
416  0
417  0
418  0
419  0
420  0
421  0
422  0
423  0
424  0
425  0
426  0
427  0
428  0
429  0
430  0
431  0
432  0
433  0
434  0
435  0
436  0
437  0
438  0
439  0
440  0
441  0
442  0
443  0
444  0
445  0
446  0
447  0
448  0
449  0
450  0
451  0
452  0
453  0
454  0
455  0
456  0
457  0
458  0
459  0
460  0
461  0
462  0
463  0
464  0
465  0
466  0
467  0
468  0
469  0
470  0
471  0
472  0
473  0
474  0
475  0
476  0
477  0
478  0
479  0
480  0
481  0
482  0
483  0
484  0
485  0
486  0
487  0
488  0
489  0
490  0
491  0
492  0
493  0
494  0
495  0
496  0
497  0
498  0
499  0
500  0
501  0
502  0
503  0
504  0
505  0
506  0
507  0
508  0
509  0
510  0
511  0
512  0
513  0
514  0
515  0
516  0
517  0
518  0
519  0
520  0
521  0
522  0
523  0
524  0
525  0
526  0
527  0
528  0
529  0
530  0
531  0
532  0
533  0
534  0
535  0
536  1
537  0
538  1
539  0
540  0
541  0
542  0
543  0
544  0
545  0
546  0
547  0
548  0
549  0
550  0
551  0
552  0
553  0
554  0
555  0
556  0
557  0
558  0
559  0
560  0
561  0
562  0
563  0
564  0
565  0
566  0
567  0
568  0
569  0
570  0
571  0
572  0
573  0
574  0
575  0
576  0
577  0
578  0
579  0
580  0
581  0
582  0
583  0
584  0
585  0
586  0
587  0
588  0
589  0
590  0
591  0
592  0
593  0
594  0
595  0
596  0
597  0
598  0
599  0
600  0
601  0
602  0
603  0
604  0
605  0
606  0
607  0
608  0
609  0
610  0
611  0
612  0
613  0
614  0
615  0
616  0
617  0
618  0
619  0
620  0
621  0
622  0
623  0
624  0
625  0
626  0
627  0
628  0
629  0
630  0
631  0
632  0
633  0
634  0
635  0
636  0
637  0
638  0
639  0
640  0
641  0
642  0
643  0
644  0
645  0
646  0
647  0
648  0
649  0
650  0
651  0
652  0
653  0
654  0
655  0
656  0
657  0
658  0
659  0
660  0
661  0
662  0
663  0
664  0
665  0
666  0
667  0
668  0
669  0
670  0
671  0
672  0
673  0
674  0
675  0
676  0
677  0
678  0
679  0
680  0
681  0
682  0
683  0
684  0
685  0
686  0
687  0
688  0
689  0
690  0
691  0
692  0
693  0
694  0
695  0
696  0
697  0
698  0
699  0
700  0
701  0
702  0
703  0
704  0
705  0
706  0
707  0
708  0
709  0
710  0
711  0
712  0
713  0
714  0
715  0
716  0
717  0
718  0
719  0
720  0
721  0
722  0
723  0
724  0
725  0
726  0
727  0
728  0
729  0
730  0
731  0
732  0
733  0
734  0
735  0
736  0
737  0
738  0
739  0
740  0
741  0
742  0
743  0
744  0
745  0
746  0
747  0
748  0
749  0
750  0
751  0
752  0
753  0
754  0
755  0
756  0
757  0
758  0
759  0
760  0
761  0
762  0
763  0
764  0
765  0
766  0
767  0
768  0
769  0
770  0
771  0
772  0
773  0
774  0
775  0
776  0
777  0
778  0
779  0
780  0
781  0
782  0
783  0
784  0
785  0
786  0
787  0
788  0
789  0
790  0
791  0
792  0
793  0
794  0
795  0
796  0
797  0
798  0
799  0
800  0
801  0
802  0
803  0
804  0
805  0
806  0
807  0
808  0
809  0
810  0
811  1
812  0
813  0
814  0
815  0
816  0
817  0
818  0
819  0
820  0
821  0
822  0
823  0
824  0
825  0
826  0
827  0
828  0
829  0
830  0
831  0
832  0
833  0
834  0
835  1
836  0
837  0
838  0
839  0
840  0
841  0
842  0
843  1
844  0
845  0
846  0
847  0
848  0
849  0
850  0
851  0
852  0
853  0
854  0
855  0
856  0
857  0
858  0
859  0
860  0
861  0
862  0
863  0
864  0
865  0
866  0
867  0
868  0
869  0
870  0
871  0
872  0
873  0
874  0
875  0
876  0
877  0
878  0
879  0
880  0
881  0
882  0
883  1
884  0
885  0
886  0
887  0
888  0
889  0
890  0
891  0
892  0
893  0
894  0
895  0
896  0
897  0
898  0
899  0
900  0
901  0
902  0
903  0
904  0
905  0
906  0
907  0
908  0
909  0
910  0
911  0
912  0
913  0
914  0
915  0
916  1
917  0
918  0
919  0
920  0
921  0
922  0
923  0
924  0
925  0
926  0
927  0
928  1
929  0
930  1
931  1
932  0
933  1
934  0
935  0
936  0
937  0
938  1
939  0
940  0
941  1
942  0
943  1
944  1
945  0
946  2
947  1
948  2
949  0
950  3
951  3
952  1
953  2
954  2
955  1
956  6
957  2
958  0
959  1
960  1
961  2
962  5
963  4
964  1
965  2
966  3
967  2
968  2
969  5
970  0
971  2
972  5
973  5
974  10
975  7
976  4
977  2
978  9
979  2
980  3
981  2
982  4
983  1
984  2
985  3
986  3
987  6
988  8
989  2
990  6
991  2
992  3
993  1
994  3
995  4
996  3
997  4
998  2
999  3
1000  4
1001  1
1002  2
1003  3
1004  7
1005  3
1006  8
1007  5
1008  6
1009  3
1010  5
1011  4
1012  4
1013  2
1014  4
1015  2
1016  8
1017  7
1018  3
1019  6
1020  1
1021  2
1022  3
1023  6
1024  1
1025  6
1026  4
1027  4
1028  2
1029  3
1030  1
1031  3
1032  7
1033  2
1034  4
1035  3
1036  1
1037  2
1038  2
1039  1
1040  2
1041  3
1042  4
1043  3
1044  7
1045  2
1046  7
1047  4
1048  3
1049  1
1050  7
1051  1
1052  5
1053  1
1054  5
1055  5
1056  5
1057  4
1058  3
1059  7
1060  1
1061  4
1062  2
1063  10
1064  5
1065  3
1066  4
1067  3
1068  5
1069  5
1070  6
1071  3
1072  6
1073  5
1074  2
1075  3
1076  6
1077  0
1078  1
1079  7
1080  4
1081  3
1082  8
1083  4
1084  3
1085  5
1086  6
1087  3
1088  5
1089  3
1090  2
1091  4
1092  2
1093  6
1094  5
1095  2
1096  1
1097  1
1098  6
1099  5
1100  3
1101  4
1102  2
1103  4
1104  6
1105  5
1106  3
1107  7
1108  7
1109  2
1110  4
1111  2
1112  8
1113  5
1114  6
1115  6
1116  4
1117  4
1118  4
1119  5
1120  2
1121  1
1122  4
1123  3
1124  3
1125  4
1126  4
1127  4
1128  6
1129  6
1130  4
1131  2
1132  5
1133  4
1134  2
1135  5
1136  2
1137  3
1138  3
1139  5
1140  2
1141  2
1142  6
1143  3
1144  6
1145  3
1146  3
1147  5
1148  3
1149  3
1150  4
1151  2
1152  4
1153  4
1154  4
1155  0
1156  4
1157  4
1158  4
1159  1
1160  4
1161  1
1162  2
1163  3
1164  7
1165  4
1166  0
1167  9
1168  3
1169  3
1170  4
1171  6
1172  1
1173  3
1174  2
1175  1
1176  2
1177  8
1178  3
1179  3
1180  3
1181  4
1182  5
1183  3
1184  4
1185  4
1186  5
1187  3
1188  3
1189  3
1190  3
1191  3
1192  5
1193  3
1194  2
1195  8
1196  6
1197  3
1198  4
1199  3
1200  4
1201  4
1202  0
1203  6
1204  5
1205  4
1206  6
1207  3
1208  4
1209  3
1210  2
1211  2
1212  5
1213  8
1214  4
1215  5
1216  6
1217  7
1218  1
1219  3
1220  1
1221  7
1222  1
1223  1
1224  5
1225  2
1226  2
1227  5
1228  2
1229  4
1230  1
1231  4
1232  2
1233  2
1234  5
1235  2
1236  4
1237  4
1238  4
1239  5
1240  5
1241  1
1242  3
1243  1
1244  1
1245  4
1246  7
1247  5
1248  5
1249  2
1250  4
1251  4
1252  3
1253  5
1254  1
1255  1
1256  5
1257  3
1258  2
1259  8
1260  7
1261  3
1262  6
1263  5
1264  4
1265  3
1266  2
1267  2
1268  1
1269  3
1270  4
1271  2
1272  7
1273  1
1274  2
1275  1
1276  6
1277  8
1278  1
1279  4
1280  9
1281  0
1282  1
1283  3
1284  5
1285  6
1286  6
1287  7
1288  4
1289  3
1290  3
1291  5
1292  2
1293  4
1294  6
1295  4
1296  6
1297  4
1298  3
1299  4
1300  6
1301  3
1302  5
1303  1
1304  3
1305  2
1306  2
1307  5
1308  1
1309  4
1310  4
1311  0
1312  1
1313  7
1314  3
1315  5
1316  2
1317  3
1318  1
1319  3
1320  7
1321  7
1322  6
1323  6
1324  3
1325  7
1326  9
1327  7
1328  1
1329  2
1330  3
1331  3
1332  7
1333  2
1334  2
1335  6
1336  3
1337  8
1338  3
1339  2
1340  4
1341  2
1342  2
1343  1
1344  5
1345  5
1346  5
1347  6
1348  4
1349  4
1350  4
1351  6
1352  8
1353  1
1354  5
1355  5
1356  3
1357  3
1358  4
1359  4
1360  5
1361  2
1362  2
1363  3
1364  4
1365  6
1366  5
1367  0
1368  4
1369  4
1370  3
1371  4
1372  3
1373  6
1374  2
1375  5
1376  2
1377  4
1378  6
1379  4
1380  2
1381  3
1382  6
1383  3
1384  4
1385  4
1386  2
1387  0
1388  3
1389  3
1390  2
1391  5
1392  5
1393  2
1394  5
1395  6
1396  6
1397  6
1398  4
1399  3
1400  4
1401  5
1402  2
1403  3
1404  6
1405  7
1406  3
1407  7
1408  5
1409  3
1410  6
1411  3
1412  10
1413  2
1414  3
1415  4
1416  10
1417  4
1418  5
1419  2
1420  2
1421  4
1422  5
1423  3
1424  6
1425  3
1426  4
1427  4
1428  5
1429  5
1430  1
1431  3
1432  2
1433  2
1434  2
1435  5
1436  3
1437  2
1438  3
1439  6
1440  1
1441  3
1442  6
1443  2
1444  3
1445  2
1446  3
1447  9
1448  2
1449  11
1450  8
1451  5
1452  9
1453  6
1454  6
1455  3
1456  4
1457  6
1458  4
1459  6
1460  3
1461  2
1462  2
1463  7
1464  5
1465  3
1466  2
1467  1
1468  3
1469  3
1470  6
1471  4
1472  2
1473  7
1474  6
1475  9
1476  1
1477  4
1478  5
1479  3
1480  2
1481  4
1482  2
1483  4
1484  6
1485  1
1486  6
1487  3
1488  6
1489  0
1490  5
1491  5
1492  3
1493  5
1494  2
1495  3
1496  4
1497  9
1498  2
1499  3
1500  2
1501  6
1502  3
1503  9
1504  5
1505  5
1506  3
1507  6
1508  3
1509  2
1510  0
1511  2
1512  4
1513  2
1514  5
1515  2
1516  4
1517  0
1518  2
1519  2
1520  6
1521  1
1522  8
1523  2
1524  4
1525  4
1526  5
1527  2
1528  4
1529  7
1530  4
1531  6
1532  7
1533  6
1534  1
1535  2
1536  1
1537  3
1538  5
1539  3
1540  6
1541  7
1542  2
1543  2
1544  7
1545  5
1546  4
1547  8
1548  5
1549  5
1550  5
1551  3
1552  3
1553  2
1554  8
1555  5
1556  1
1557  5
1558  8
1559  5
1560  5
1561  3
1562  5
1563  5
1564  6
1565  3
1566  3
1567  8
1568  4
1569  2
1570  4
1571  3
1572  6
1573  3
1574  2
1575  1
1576  4
1577  5
1578  3
1579  9
1580  0
1581  3
1582  4
1583  4
1584  6
1585  4
1586  4
1587  5
1588  6
1589  5
1590  5
1591  1
1592  6
1593  2
1594  3
1595  7
1596  4
1597  4
1598  5
1599  5
1600  2
1601  7
1602  3
1603  6
1604  6
1605  5
1606  3
1607  1
1608  2
1609  4
1610  9
1611  1
1612  4
1613  5
1614  3
1615  1
1616  3
1617  2
1618  4
1619  2
1620  2
1621  4
1622  4
1623  7
1624  6
1625  5
1626  5
1627  2
1628  5
1629  4
1630  2
1631  8
1632  2
1633  5
1634  5
1635  5
1636  4
1637  4
1638  0
1639  2
1640  3
1641  5
1642  7
1643  4
1644  6
1645  5
1646  10
1647  4
1648  0
1649  5
1650  4
1651  3
1652  7
1653  3
1654  5
1655  4
1656  6
1657  3
1658  6
1659  7
1660  5
1661  4
1662  4
1663  4
1664  5
1665  10
1666  2
1667  4
1668  4
1669  6
1670  4
1671  3
1672  7
1673  7
1674  2
1675  9
1676  6
1677  5
1678  1
1679  6
1680  4
1681  3
1682  6
1683  3
1684  6
1685  1
1686  8
1687  5
1688  2
1689  5
1690  5
1691  8
1692  3
1693  4
1694  3
1695  5
1696  4
1697  2
1698  10
1699  5
1700  2
1701  5
1702  5
1703  2
1704  6
1705  2
1706  5
1707  3
1708  1
1709  5
1710  5
1711  6
1712  4
1713  2
1714  3
1715  7
1716  6
1717  4
1718  2
1719  1
1720  7
1721  0
1722  6
1723  4
1724  6
1725  5
1726  2
1727  5
1728  4
1729  0
1730  4
1731  5
1732  2
1733  4
1734  8
1735  8
1736  2
1737  8
1738  4
1739  4
1740  5
1741  3
1742  1
1743  3
1744  2
1745  2
1746  2
1747  4
1748  9
1749  1
1750  1
1751  3
1752  4
1753  6
1754  7
1755  3
1756  4
1757  6
1758  3
1759  1
1760  3
1761  6
1762  2
1763  3
1764  4
1765  3
1766  4
1767  4
1768  4
1769  3
1770  1
1771  6
1772  6
1773  6
1774  4
1775  2
1776  4
1777  2
1778  8
1779  6
1780  9
1781  4
1782  1
1783  6
1784  6
1785  2
1786  5
1787  1
1788  7
1789  4
1790  2
1791  0
1792  6
1793  4
1794  5
1795  1
1796  4
1797  5
1798  4
1799  2
1800  3
1801  4
1802  2
1803  7
1804  3
1805  2
1806  7
1807  7
1808  1
1809  3
1810  6
1811  1
1812  3
1813  4
1814  5
1815  2
1816  4
1817  4
1818  3
1819  6
1820  3
1821  7
1822  3
1823  6
1824  3
1825  8
1826  6
1827  7
1828  4
1829  8
1830  4
1831  6
1832  2
1833  1
1834  5
1835  6
1836  4
1837  5
1838  5
1839  3
1840  3
1841  4
1842  3
1843  5
1844  2
1845  1
1846  3
1847  9
1848  2
1849  3
1850  7
1851  4
1852  4
1853  5
1854  2
1855  10
1856  4
1857  3
1858  5
1859  6
1860  2
1861  2
1862  4
1863  3
1864  4
1865  7
1866  2
1867  5
1868  5
1869  3
1870  2
1871  7
1872  4
1873  5
1874  3
1875  8
1876  7
1877  3
1878  3
1879  1
1880  0
1881  2
1882  1
1883  4
1884  0
1885  3
1886  4
1887  5
1888  2
1889  7
1890  6
1891  6
1892  2
1893  4
1894  4
1895  5
1896  3
1897  2
1898  7
1899  8
1900  5
1901  4
1902  8
1903  7
1904  4
1905  2
1906  8
1907  3
1908  5
1909  3
1910  5
1911  5
1912  5
1913  6
1914  1
1915  5
1916  3
1917  3
1918  3
1919  4
1920  8
1921  6
1922  3
1923  5
1924  1
1925  5
1926  2
1927  1
1928  5
1929  5
1930  5
1931  4
1932  2
1933  5
1934  7
1935  4
1936  7
1937  1
1938  3
1939  4
1940  5
1941  9
1942  2
1943  5
1944  7
1945  4
1946  3
1947  2
1948  8
1949  4
1950  6
1951  6
1952  6
1953  7
1954  1
1955  6
1956  4
1957  3
1958  2
1959  4
1960  6
1961  5
1962  6
1963  2
1964  4
1965  2
1966  5
1967  3
1968  5
1969  5
1970  5
1971  7
1972  3
1973  2
1974  7
1975  2
1976  4
1977  4
1978  5
1979  10
1980  7
1981  4
1982  3
1983  2
1984  8
1985  4
1986  5
1987  10
1988  5
1989  3
1990  5
1991  7
1992  2
1993  3
1994  4
1995  4
1996  7
1997  7
1998  1
1999  0
2000  7
2001  5
2002  2
2003  5
2004  8
2005  6
2006  4
2007  2
2008  7
2009  11
2010  5
2011  6
2012  6
2013  6
2014  5
2015  3
2016  6
2017  3
2018  0
2019  3
2020  2
2021  3
2022  6
2023  7
2024  6
2025  4
2026  5
2027  4
2028  4
2029  4
2030  4
2031  7
2032  4
2033  6
2034  4
2035  5
2036  2
2037  9
2038  4
2039  4
2040  5
2041  3
2042  9
2043  7
2044  7
2045  1
2046  7
2047  3
2048  4
2049  2
2050  7
2051  5
2052  5
2053  5
2054  8
2055  6
2056  4
2057  1
2058  3
2059  2
2060  4
2061  6
2062  7
2063  6
2064  2
2065  10
2066  6
2067  3
2068  4
2069  3
2070  3
2071  7
2072  7
2073  5
2074  8
2075  5
2076  5
2077  6
2078  4
2079  7
2080  5
2081  0
2082  5
2083  6
2084  3
2085  3
2086  4
2087  4
2088  4
2089  3
2090  2
2091  4
2092  7
2093  3
2094  5
2095  4
2096  7
2097  4
2098  5
2099  3
2100  6
2101  4
2102  2
2103  5
2104  6
2105  6
2106  5
2107  4
2108  4
2109  7
2110  2
2111  5
2112  5
2113  5
2114  6
2115  4
2116  5
2117  2
2118  0
2119  2
2120  6
2121  2
2122  3
2123  6
2124  6
2125  5
2126  5
2127  2
2128  3
2129  3
2130  3
2131  2
2132  2
2133  3
2134  1
2135  5
2136  2
2137  8
2138  3
2139  5
2140  6
2141  5
2142  2
2143  5
2144  3
2145  5
2146  1
2147  5
2148  1
2149  2
2150  2
2151  4
2152  1
2153  2
2154  9
2155  4
2156  3
2157  7
2158  5
2159  6
2160  3
2161  0
2162  5
2163  3
2164  3
2165  6
2166  2
2167  7
2168  5
2169  5
2170  10
2171  2
2172  1
2173  6
2174  4
2175  5
2176  6
2177  2
2178  6
2179  1
2180  3
2181  5
2182  6
2183  4
2184  4
2185  4
2186  3
2187  1
2188  4
2189  3
2190  4
2191  2
2192  5
2193  4
2194  4
2195  3
2196  5
2197  3
2198  5
2199  4
2200  4
2201  4
2202  4
2203  4
2204  5
2205  5
2206  4
2207  5
2208  7
2209  7
2210  0
2211  5
2212  5
2213  6
2214  4
2215  3
2216  3
2217  4
2218  4
2219  5
2220  5
2221  7
2222  1
2223  7
2224  1
2225  6
2226  1
2227  4
2228  7
2229  4
2230  2
2231  6
2232  4
2233  2
2234  6
2235  5
2236  6
2237  6
2238  6
2239  6
2240  4
2241  4
2242  2
2243  5
2244  5
2245  2
2246  6
2247  4
2248  4
2249  2
2250  6
2251  4
2252  5
2253  3
2254  1
2255  7
2256  4
2257  3
2258  6
2259  4
2260  4
2261  9
2262  6
2263  5
2264  2
2265  5
2266  3
2267  6
2268  3
2269  6
2270  5
2271  3
2272  2
2273  5
2274  4
2275  4
2276  4
2277  7
2278  5
2279  3
2280  2
2281  6
2282  5
2283  4
2284  2
2285  4
2286  4
2287  5
2288  7
2289  1
2290  1
2291  6
2292  1
2293  9
2294  4
2295  2
2296  5
2297  5
2298  4
2299  1
2300  4
2301  5
2302  4
2303  7
2304  6
2305  5
2306  4
2307  4
2308  3
2309  4
2310  6
2311  9
2312  2
2313  3
2314  6
2315  4
2316  4
2317  3
2318  4
2319  3
2320  5
2321  4
2322  5
2323  4
2324  3
2325  5
2326  4
2327  4
2328  3
2329  4
2330  8
2331  6
2332  3
2333  4
2334  4
2335  5
2336  6
2337  10
2338  6
2339  9
2340  10
2341  5
2342  6
2343  7
2344  3
2345  2
2346  10
2347  1
2348  6
2349  7
2350  6
2351  2
2352  3
2353  3
2354  7
2355  1
2356  1
2357  5
2358  3
2359  5
2360  3
2361  3
2362  4
2363  5
2364  4
2365  7
2366  4
2367  5
2368  4
2369  4
2370  6
2371  5
2372  4
2373  6
2374  8
2375  7
2376  5
2377  1
2378  6
2379  2
2380  7
2381  2
2382  4
2383  4
2384  5
2385  8
2386  5
2387  2
2388  7
2389  1
2390  8
2391  4
2392  5
2393  5
2394  4
2395  4
2396  5
2397  8
2398  2
2399  8
2400  4
2401  5
2402  3
2403  4
2404  6
2405  3
2406  8
2407  4
2408  4
2409  4
2410  4
2411  5
2412  5
2413  8
2414  5
2415  5
2416  5
2417  4
2418  5
2419  3
2420  6
2421  4
2422  6
2423  5
2424  2
2425  10
2426  6
2427  3
2428  6
2429  6
2430  5
2431  7
2432  4
2433  2
2434  4
2435  4
2436  5
2437  4
2438  5
2439  4
2440  5
2441  12
2442  5
2443  2
2444  3
2445  4
2446  1
2447  7
2448  2
2449  10
2450  7
2451  5
2452  3
2453  5
2454  5
2455  6
2456  2
2457  4
2458  5
2459  2
2460  5
2461  3
2462  5
2463  4
2464  0
2465  4
2466  5
2467  3
2468  5
2469  4
2470  0
2471  3
2472  4
2473  4
2474  4
2475  6
2476  6
2477  6
2478  6
2479  6
2480  6
2481  8
2482  2
2483  9
2484  3
2485  6
2486  2
2487  4
2488  4
2489  3
2490  3
2491  10
2492  2
2493  7
2494  3
2495  6
2496  4
2497  5
2498  4
2499  8
2500  2
2501  8
2502  4
2503  4
2504  5
2505  3
2506  2
2507  4
2508  6
2509  5
2510  7
2511  1
2512  5
2513  6
2514  5
2515  6
2516  8
2517  7
2518  7
2519  3
2520  6
2521  5
2522  5
2523  4
2524  3
2525  1
2526  4
2527  6
2528  3
2529  6
2530  3
2531  3
2532  9
2533  7
2534  3
2535  5
2536  6
2537  2
2538  2
2539  4
2540  4
2541  6
2542  5
2543  2
2544  2
2545  0
2546  7
2547  6
2548  5
2549  2
2550  5
2551  6
2552  3
2553  4
2554  6
2555  4
2556  4
2557  7
2558  6
2559  3
2560  9
2561  3
2562  1
2563  5
2564  5
2565  4
2566  5
2567  6
2568  7
2569  6
2570  5
2571  6
2572  6
2573  3
2574  5
2575  4
2576  4
2577  4
2578  2
2579  6
2580  6
2581  4
2582  8
2583  4
2584  6
2585  4
2586  3
2587  4
2588  5
2589  2
2590  5
2591  1
2592  4
2593  7
2594  5
2595  2
2596  3
2597  5
2598  3
2599  4
2600  4
2601  3
2602  3
2603  5
2604  4
2605  3
2606  0
2607  3
2608  5
2609  2
2610  2
2611  5
2612  2
2613  7
2614  0
2615  4
2616  3
2617  5
2618  6
2619  3
2620  5
2621  2
2622  4
2623  5
2624  3
2625  4
2626  3
2627  3
2628  6
2629  2
2630  8
2631  3
2632  3
2633  4
2634  1
2635  4
2636  3
2637  5
2638  3
2639  6
2640  4
2641  1
2642  5
2643  5
2644  7
2645  2
2646  9
2647  5
2648  7
2649  4
2650  5
2651  4
2652  1
2653  4
2654  2
2655  2
2656  6
2657  4
2658  0
2659  4
2660  4
2661  4
2662  3
2663  2
2664  7
2665  4
2666  4
2667  3
2668  4
2669  4
2670  7
2671  2
2672  7
2673  6
2674  10
2675  6
2676  1
2677  4
2678  4
2679  4
2680  8
2681  4
2682  5
2683  7
2684  7
2685  4
2686  2
2687  4
2688  5
2689  9
2690  3
2691  4
2692  2
2693  5
2694  8
2695  3
2696  12
2697  7
2698  3
2699  3
2700  8
2701  2
2702  10
2703  4
2704  7
2705  5
2706  2
2707  6
2708  5
2709  9
2710  8
2711  2
2712  7
2713  3
2714  7
2715  7
2716  5
2717  6
2718  4
2719  5
2720  3
2721  6
2722  6
2723  2
2724  3
2725  3
2726  7
2727  1
2728  4
2729  6
2730  9
2731  7
2732  5
2733  5
2734  2
2735  5
2736  5
2737  9
2738  6
2739  6
2740  8
2741  2
2742  4
2743  6
2744  4
2745  7
2746  10
2747  1
2748  5
2749  2
2750  5
2751  3
2752  3
2753  6
2754  6
2755  6
2756  6
2757  4
2758  6
2759  4
2760  5
2761  0
2762  3
2763  5
2764  9
2765  7
2766  3
2767  1
2768  10
2769  5
2770  5
2771  3
2772  5
2773  7
2774  7
2775  4
2776  5
2777  4
2778  5
2779  4
2780  7
2781  6
2782  4
2783  1
2784  4
2785  5
2786  8
2787  6
2788  4
2789  5
2790  7
2791  3
2792  6
2793  12
2794  4
2795  4
2796  3
2797  4
2798  7
2799  10
2800  7
2801  7
2802  4
2803  7
2804  7
2805  3
2806  7
2807  4
2808  3
2809  5
2810  2
2811  8
2812  0
2813  4
2814  2
2815  2
2816  12
2817  4
2818  4
2819  3
2820  6
2821  7
2822  5
2823  7
2824  3
2825  6
2826  6
2827  5
2828  5
2829  4
2830  6
2831  3
2832  10
2833  6
2834  7
2835  8
2836  2
2837  7
2838  4
2839  7
2840  4
2841  6
2842  3
2843  5
2844  1
2845  6
2846  5
2847  4
2848  5
2849  3
2850  1
2851  10
2852  3
2853  2
2854  7
2855  4
2856  3
2857  8
2858  4
2859  2
2860  6
2861  4
2862  3
2863  4
2864  5
2865  3
2866  7
2867  11
2868  7
2869  1
2870  5
2871  4
2872  3
2873  3
2874  4
2875  10
2876  3
2877  7
2878  4
2879  3
2880  6
2881  1
2882  3
2883  5
2884  7
2885  5
2886  2
2887  3
2888  2
2889  3
2890  6
2891  4
2892  3
2893  3
2894  8
2895  6
2896  4
2897  5
2898  8
2899  5
2900  4
2901  3
2902  1
2903  1
2904  2
2905  5
2906  11
2907  3
2908  3
2909  8
2910  4
2911  7
2912  4
2913  8
2914  5
2915  8
2916  6
2917  11
2918  2
2919  8
2920  7
2921  5
2922  5
2923  6
2924  9
2925  5
2926  5
2927  6
2928  4
2929  5
2930  5
2931  3
2932  3
2933  4
2934  8
2935  6
2936  2
2937  6
2938  8
2939  11
2940  8
2941  3
2942  4
2943  6
2944  2
2945  1
2946  5
2947  3
2948  3
2949  2
2950  6
2951  5
2952  5
2953  4
2954  8
2955  3
2956  2
2957  1
2958  2
2959  8
2960  5
2961  5
2962  5
2963  4
2964  6
2965  9
2966  9
2967  7
2968  8
2969  1
2970  5
2971  5
2972  9
2973  5
2974  10
2975  3
2976  5
2977  4
2978  8
2979  5
2980  12
2981  6
2982  6
2983  4
2984  4
2985  6
2986  5
2987  8
2988  4
2989  6
2990  4
2991  1
2992  6
2993  6
2994  5
2995  2
2996  5
2997  3
2998  3
2999  2
3000  1
3001  7
3002  9
3003  1
3004  8
3005  8
3006  6
3007  9
3008  3
3009  5
3010  6
3011  4
3012  4
3013  6
3014  5
3015  11
3016  5
3017  10
3018  5
3019  5
3020  4
3021  6
3022  3
3023  7
3024  5
3025  6
3026  5
3027  6
3028  4
3029  4
3030  4
3031  0
3032  3
3033  7
3034  7
3035  5
3036  7
3037  9
3038  8
3039  9
3040  2
3041  5
3042  4
3043  2
3044  5
3045  5
3046  2
3047  8
3048  4
3049  7
3050  5
3051  7
3052  7
3053  3
3054  1
3055  12
3056  4
3057  10
3058  5
3059  9
3060  4
3061  7
3062  5
3063  7
3064  10
3065  3
3066  2
3067  3
3068  3
3069  7
3070  4
3071  6
3072  5
3073  8
3074  6
3075  3
3076  4
3077  3
3078  8
3079  7
3080  1
3081  3
3082  3
3083  1
3084  8
3085  5
3086  5
3087  5
3088  5
3089  7
3090  7
3091  9
3092  5
3093  7
3094  4
3095  5
3096  4
3097  2
3098  6
3099  5
3100  5
3101  6
3102  1
3103  4
3104  13
3105  9
3106  5
3107  5
3108  8
3109  5
3110  9
3111  5
3112  5
3113  3
3114  3
3115  6
3116  3
3117  3
3118  11
3119  7
3120  9
3121  10
3122  5
3123  4
3124  8
3125  4
3126  6
3127  8
3128  7
3129  8
3130  10
3131  5
3132  5
3133  6
3134  3
3135  8
3136  3
3137  2
3138  6
3139  5
3140  9
3141  3
3142  7
3143  4
3144  6
3145  3
3146  4
3147  8
3148  12
3149  5
3150  3
3151  12
3152  1
3153  5
3154  5
3155  2
3156  6
3157  4
3158  5
3159  6
3160  5
3161  4
3162  4
3163  3
3164  5
3165  2
3166  5
3167  2
3168  9
3169  2
3170  6
3171  4
3172  8
3173  3
3174  11
3175  3
3176  4
3177  7
3178  2
3179  6
3180  9
3181  11
3182  5
3183  10
3184  8
3185  5
3186  1
3187  4
3188  4
3189  4
3190  9
3191  2
3192  5
3193  6
3194  5
3195  9
3196  6
3197  5
3198  8
3199  8
3200  11
3201  7
3202  8
3203  5
3204  3
3205  11
3206  5
3207  5
3208  10
3209  5
3210  7
3211  1
3212  11
3213  6
3214  2
3215  8
3216  8
3217  3
3218  8
3219  4
3220  6
3221  9
3222  7
3223  9
3224  6
3225  5
3226  4
3227  7
3228  4
3229  5
3230  6
3231  5
3232  4
3233  9
3234  7
3235  8
3236  7
3237  6
3238  7
3239  3
3240  8
3241  1
3242  3
3243  4
3244  6
3245  5
3246  9
3247  7
3248  8
3249  4
3250  9
3251  6
3252  6
3253  6
3254  5
3255  7
3256  6
3257  11
3258  5
3259  7
3260  9
3261  7
3262  3
3263  5
3264  4
3265  4
3266  2
3267  5
3268  6
3269  3
3270  6
3271  4
3272  6
3273  8
3274  3
3275  5
3276  4
3277  6
3278  11
3279  9
3280  3
3281  5
3282  6
3283  4
3284  6
3285  4
3286  3
3287  4
3288  3
3289  7
3290  10
3291  5
3292  5
3293  5
3294  2
3295  5
3296  5
3297  6
3298  5
3299  6
3300  5
3301  3
3302  3
3303  4
3304  5
3305  5
3306  7
3307  5
3308  3
3309  7
3310  3
3311  4
3312  6
3313  7
3314  10
3315  3
3316  7
3317  3
3318  6
3319  7
3320  6
3321  8
3322  5
3323  6
3324  6
3325  7
3326  4
3327  7
3328  6
3329  6
3330  5
3331  5
3332  8
3333  10
3334  1
3335  4
3336  6
3337  4
3338  6
3339  6
3340  4
3341  6
3342  9
3343  5
3344  1
3345  6
3346  5
3347  4
3348  8
3349  6
3350  6
3351  5
3352  4
3353  7
3354  7
3355  5
3356  8
3357  6
3358  8
3359  14
3360  6
3361  6
3362  8
3363  4
3364  2
3365  7
3366  2
3367  7
3368  2
3369  8
3370  8
3371  6
3372  11
3373  4
3374  6
3375  4
3376  7
3377  2
3378  1
3379  4
3380  7
3381  6
3382  4
3383  10
3384  7
3385  5
3386  6
3387  9
3388  1
3389  7
3390  6
3391  7
3392  5
3393  5
3394  8
3395  8
3396  7
3397  5
3398  8
3399  8
3400  11
3401  8
3402  5
3403  7
3404  5
3405  5
3406  2
3407  6
3408  11
3409  4
3410  6
3411  13
3412  6
3413  7
3414  6
3415  6
3416  9
3417  8
3418  6
3419  9
3420  7
3421  6
3422  5
3423  5
3424  11
3425  6
3426  6
3427  6
3428  10
3429  4
3430  8
3431  4
3432  7
3433  7
3434  2
3435  3
3436  7
3437  5
3438  13
3439  7
3440  5
3441  2
3442  6
3443  6
3444  3
3445  5
3446  10
3447  8
3448  4
3449  8
3450  6
3451  9
3452  8
3453  5
3454  5
3455  1
3456  3
3457  2
3458  6
3459  9
3460  5
3461  3
3462  2
3463  4
3464  9
3465  4
3466  7
3467  6
3468  9
3469  8
3470  6
3471  11
3472  3
3473  6
3474  8
3475  10
3476  7
3477  7
3478  2
3479  6
3480  2
3481  2
3482  5
3483  3
3484  4
3485  3
3486  3
3487  4
3488  3
3489  6
3490  3
3491  3
3492  3
3493  5
3494  7
3495  8
3496  7
3497  4
3498  3
3499  3
3500  6
3501  9
3502  7
3503  11
3504  9
3505  5
3506  7
3507  3
3508  3
3509  5
3510  9
3511  5
3512  8
3513  7
3514  11
3515  5
3516  5
3517  1
3518  1
3519  3
3520  5
3521  5
3522  7
3523  7
3524  6
3525  9
3526  8
3527  2
3528  2
3529  7
3530  7
3531  5
3532  8
3533  10
3534  6
3535  3
3536  6
3537  7
3538  4
3539  9
3540  8
3541  6
3542  8
3543  12
3544  7
3545  6
3546  6
3547  4
3548  8
3549  5
3550  5
3551  4
3552  6
3553  3
3554  4
3555  9
3556  9
3557  7
3558  9
3559  9
3560  6
3561  4
3562  8
3563  5
3564  10
3565  8
3566  4
3567  7
3568  13
3569  2
3570  7
3571  4
3572  6
3573  5
3574  8
3575  7
3576  4
3577  3
3578  8
3579  13
3580  6
3581  10
3582  9
3583  7
3584  5
3585  5
3586  4
3587  6
3588  11
3589  7
3590  4
3591  7
3592  6
3593  7
3594  6
3595  8
3596  7
3597  6
3598  9
3599  2
3600  9
3601  4
3602  7
3603  7
3604  8
3605  7
3606  9
3607  3
3608  5
3609  3
3610  10
3611  4
3612  5
3613  5
3614  4
3615  8
3616  9
3617  6
3618  5
3619  4
3620  5
3621  5
3622  6
3623  5
3624  4
3625  7
3626  12
3627  6
3628  8
3629  7
3630  5
3631  8
3632  6
3633  5
3634  8
3635  6
3636  7
3637  2
3638  4
3639  8
3640  7
3641  10
3642  7
3643  5
3644  7
3645  9
3646  11
3647  6
3648  7
3649  3
3650  9
3651  3
3652  7
3653  8
3654  5
3655  5
3656  6
3657  9
3658  8
3659  6
3660  5
3661  6
3662  4
3663  5
3664  5
3665  12
3666  10
3667  4
3668  4
3669  5
3670  6
3671  5
3672  6
3673  11
3674  5
3675  5
3676  9
3677  5
3678  8
3679  6
3680  4
3681  2
3682  2
3683  17
3684  5
3685  4
3686  5
3687  7
3688  13
3689  9
3690  11
3691  6
3692  10
3693  4
3694  4
3695  15
3696  7
3697  6
3698  8
3699  8
3700  4
3701  11
3702  12
3703  3
3704  6
3705  7
3706  7
3707  11
3708  12
3709  7
3710  6
3711  5
3712  4
3713  8
3714  12
3715  9
3716  9
3717  9
3718  3
3719  5
3720  12
3721  10
3722  7
3723  12
3724  5
3725  5
3726  4
3727  9
3728  8
3729  3
3730  8
3731  8
3732  12
3733  14
3734  8
3735  9
3736  6
3737  8
3738  5
3739  7
3740  6
3741  9
3742  2
3743  7
3744  8
3745  4
3746  8
3747  6
3748  10
3749  6
3750  7
3751  5
3752  7
3753  4
3754  5
3755  7
3756  13
3757  8
3758  5
3759  6
3760  8
3761  9
3762  7
3763  7
3764  10
3765  6
3766  5
3767  10
3768  8
3769  8
3770  6
3771  4
3772  7
3773  10
3774  6
3775  10
3776  7
3777  11
3778  7
3779  3
3780  11
3781  3
3782  5
3783  5
3784  4
3785  14
3786  2
3787  7
3788  3
3789  6
3790  6
3791  6
3792  6
3793  6
3794  4
3795  9
3796  3
3797  10
3798  5
3799  8
3800  5
3801  9
3802  8
3803  5
3804  10
3805  7
3806  5
3807  10
3808  12
3809  7
3810  8
3811  11
3812  12
3813  6
3814  6
3815  10
3816  10
3817  6
3818  9
3819  7
3820  5
3821  7
3822  6
3823  7
3824  7
3825  10
3826  9
3827  7
3828  9
3829  5
3830  6
3831  7
3832  8
3833  4
3834  6
3835  3
3836  5
3837  11
3838  5
3839  9
3840  9
3841  8
3842  6
3843  7
3844  5
3845  10
3846  5
3847  10
3848  6
3849  8
3850  9
3851  5
3852  6
3853  3
3854  9
3855  10
3856  4
3857  7
3858  7
3859  7
3860  12
3861  10
3862  8
3863  9
3864  10
3865  10
3866  9
3867  9
3868  12
3869  10
3870  7
3871  8
3872  12
3873  9
3874  9
3875  6
3876  2
3877  9
3878  7
3879  6
3880  4
3881  9
3882  8
3883  7
3884  13
3885  9
3886  6
3887  6
3888  7
3889  12
3890  9
3891  7
3892  7
3893  6
3894  5
3895  8
3896  8
3897  10
3898  8
3899  13
3900  9
3901  5
3902  5
3903  7
3904  8
3905  10
3906  5
3907  10
3908  9
3909  14
3910  9
3911  7
3912  6
3913  7
3914  8
3915  9
3916  5
3917  3
3918  9
3919  9
3920  10
3921  6
3922  7
3923  10
3924  7
3925  7
3926  8
3927  8
3928  8
3929  5
3930  10
3931  5
3932  5
3933  9
3934  16
3935  3
3936  6
3937  5
3938  9
3939  10
3940  8
3941  10
3942  10
3943  12
3944  7
3945  5
3946  7
3947  14
3948  11
3949  10
3950  5
3951  10
3952  9
3953  10
3954  3
3955  9
3956  8
3957  6
3958  8
3959  9
3960  9
3961  11
3962  12
3963  17
3964  8
3965  6
3966  14
3967  9
3968  6
3969  14
3970  9
3971  8
3972  7
3973  5
3974  11
3975  6
3976  9
3977  9
3978  6
3979  5
3980  7
3981  9
3982  10
3983  7
3984  8
3985  14
3986  12
3987  8
3988  3
3989  6
3990  9
3991  8
3992  8
3993  7
3994  8
3995  17
3996  8
3997  9
3998  4
3999  5
4000  7
4001  10
4002  10
4003  15
4004  12
4005  13
4006  8
4007  11
4008  6
4009  5
4010  7
4011  11
4012  9
4013  8
4014  8
4015  9
4016  8
4017  6
4018  6
4019  6
4020  7
4021  10
4022  10
4023  8
4024  10
4025  8
4026  7
4027  10
4028  8
4029  10
4030  12
4031  6
4032  11
4033  7
4034  6
4035  7
4036  7
4037  7
4038  9
4039  6
4040  10
4041  9
4042  14
4043  10
4044  9
4045  14
4046  5
4047  11
4048  8
4049  10
4050  11
4051  10
4052  9
4053  9
4054  6
4055  8
4056  8
4057  8
4058  10
4059  10
4060  15
4061  9
4062  13
4063  5
4064  13
4065  9
4066  11
4067  13
4068  11
4069  8
4070  13
4071  10
4072  6
4073  11
4074  8
4075  9
4076  9
4077  8
4078  11
4079  15
4080  10
4081  7
4082  11
4083  8
4084  12
4085  10
4086  9
4087  4
4088  8
4089  9
4090  12
4091  8
4092  10
4093  11
4094  11
4095  8
4096  6
4097  14
4098  9
4099  10
4100  11
4101  8
4102  15
4103  6
4104  12
4105  10
4106  4
4107  10
4108  8
4109  13
4110  9
4111  13
4112  9
4113  9
4114  10
4115  11
4116  9
4117  9
4118  10
4119  6
4120  12
4121  14
4122  12
4123  12
4124  5
4125  10
4126  11
4127  10
4128  6
4129  10
4130  12
4131  11
4132  13
4133  10
4134  10
4135  10
4136  18
4137  14
4138  12
4139  22
4140  13
4141  8
4142  12
4143  8
4144  7
4145  9
4146  15
4147  5
4148  19
4149  10
4150  11
4151  12
4152  12
4153  6
4154  15
4155  7
4156  11
4157  12
4158  10
4159  12
4160  7
4161  14
4162  11
4163  12
4164  18
4165  11
4166  10
4167  8
4168  7
4169  14
4170  11
4171  11
4172  10
4173  10
4174  12
4175  11
4176  13
4177  9
4178  6
4179  16
4180  14
4181  11
4182  10
4183  9
4184  11
4185  14
4186  10
4187  11
4188  10
4189  14
4190  13
4191  8
4192  11
4193  5
4194  19
4195  6
4196  4
4197  7
4198  12
4199  9
4200  12
4201  15
4202  7
4203  17
4204  6
4205  10
4206  6
4207  14
4208  7
4209  14
4210  9
4211  10
4212  23
4213  10
4214  14
4215  11
4216  14
4217  13
4218  13
4219  13
4220  13
4221  7
4222  6
4223  25
4224  13
4225  20
4226  10
4227  11
4228  12
4229  15
4230  12
4231  11
4232  11
4233  15
4234  6
4235  9
4236  7
4237  16
4238  6
4239  15
4240  11
4241  9
4242  15
4243  12
4244  9
4245  11
4246  14
4247  14
4248  12
4249  11
4250  20
4251  11
4252  8
4253  11
4254  9
4255  18
4256  20
4257  8
4258  8
4259  17
4260  13
4261  13
4262  7
4263  20
4264  13
4265  9
4266  16
4267  12
4268  19
4269  14
4270  17
4271  18
4272  13
4273  11
4274  13
4275  5
4276  16
4277  8
4278  9
4279  8
4280  12
4281  12
4282  18
4283  15
4284  19
4285  10
4286  12
4287  12
4288  10
4289  6
4290  14
4291  10
4292  14
4293  16
4294  18
4295  11
4296  9
4297  17
4298  15
4299  13
4300  6
4301  11
4302  11
4303  10
4304  7
4305  10
4306  13
4307  19
4308  17
4309  8
4310  16
4311  10
4312  11
4313  14
4314  14
4315  10
4316  9
4317  19
4318  10
4319  15
4320  8
4321  12
4322  14
4323  14
4324  16
4325  12
4326  11
4327  13
4328  12
4329  15
4330  21
4331  11
4332  19
4333  15
4334  10
4335  16
4336  18
4337  11
4338  13
4339  13
4340  14
4341  8
4342  16
4343  10
4344  15
4345  14
4346  20
4347  16
4348  10
4349  15
4350  6
4351  22
4352  18
4353  15
4354  18
4355  14
4356  16
4357  14
4358  17
4359  15
4360  20
4361  15
4362  11
4363  12
4364  22
4365  20
4366  22
4367  20
4368  15
4369  14
4370  16
4371  10
4372  12
4373  17
4374  15
4375  21
4376  15
4377  17
4378  25
4379  15
4380  28
4381  19
4382  15
4383  14
4384  11
4385  18
4386  18
4387  17
4388  12
4389  17
4390  13
4391  19
4392  26
4393  20
4394  16
4395  19
4396  12
4397  20
4398  16
4399  22
4400  16
4401  12
4402  18
4403  9
4404  14
4405  23
4406  17
4407  21
4408  15
4409  13
4410  18
4411  12
4412  15
4413  18
4414  12
4415  15
4416  17
4417  19
4418  13
4419  12
4420  19
4421  19
4422  9
4423  14
4424  17
4425  21
4426  22
4427  11
4428  22
4429  11
4430  23
4431  25
4432  18
4433  13
4434  21
4435  14
4436  18
4437  19
4438  19
4439  14
4440  21
4441  16
4442  18
4443  16
4444  13
4445  18
4446  21
4447  21
4448  22
4449  16
4450  18
4451  16
4452  15
4453  22
4454  17
4455  20
4456  21
4457  21
4458  13
4459  20
4460  17
4461  21
4462  13
4463  12
4464  26
4465  6
4466  29
4467  17
4468  21
4469  21
4470  20
4471  24
4472  14
4473  23
4474  20
4475  24
4476  27
4477  29
4478  12
4479  15
4480  17
4481  22
4482  22
4483  17
4484  23
4485  18
4486  19
4487  22
4488  30
4489  15
4490  24
4491  27
4492  22
4493  19
4494  19
4495  21
4496  24
4497  16
4498  20
4499  21
4500  21
4501  19
4502  25
4503  20
4504  23
4505  18
4506  21
4507  22
4508  13
4509  38
4510  26
4511  26
4512  17
4513  33
4514  19
4515  21
4516  19
4517  35
4518  22
4519  18
4520  20
4521  21
4522  22
4523  20
4524  21
4525  13
4526  27
4527  16
4528  25
4529  15
4530  16
4531  24
4532  20
4533  28
4534  20
4535  25
4536  26
4537  26
4538  22
4539  19
4540  23
4541  24
4542  32
4543  21
4544  29
4545  25
4546  16
4547  22
4548  25
4549  24
4550  15
4551  30
4552  25
4553  24
4554  21
4555  29
4556  13
4557  17
4558  32
4559  20
4560  20
4561  15
4562  18
4563  27
4564  22
4565  20
4566  25
4567  32
4568  18
4569  18
4570  29
4571  21
4572  25
4573  32
4574  23
4575  20
4576  28
4577  32
4578  20
4579  24
4580  17
4581  21
4582  22
4583  23
4584  25
4585  24
4586  22
4587  19
4588  28
4589  21
4590  28
4591  27
4592  33
4593  28
4594  20
4595  26
4596  18
4597  25
4598  28
4599  24
4600  20
4601  25
4602  28
4603  21
4604  34
4605  18
4606  23
4607  25
4608  23
4609  27
4610  23
4611  22
4612  22
4613  27
4614  25
4615  27
4616  27
4617  24
4618  22
4619  28
4620  24
4621  20
4622  23
4623  22
4624  28
4625  22
4626  26
4627  28
4628  30
4629  35
4630  36
4631  40
4632  16
4633  26
4634  32
4635  22
4636  26
4637  26
4638  34
4639  27
4640  31
4641  27
4642  33
4643  24
4644  20
4645  21
4646  20
4647  19
4648  15
4649  27
4650  29
4651  37
4652  35
4653  21
4654  26
4655  29
4656  31
4657  30
4658  25
4659  28
4660  31
4661  28
4662  15
4663  40
4664  31
4665  26
4666  28
4667  24
4668  23
4669  25
4670  19
4671  23
4672  30
4673  29
4674  29
4675  23
4676  24
4677  28
4678  20
4679  25
4680  26
4681  27
4682  25
4683  20
4684  34
4685  27
4686  33
4687  32
4688  24
4689  27
4690  26
4691  32
4692  36
4693  26
4694  33
4695  26
4696  20
4697  27
4698  29
4699  29
4700  26
4701  27
4702  31
4703  22
4704  29
4705  23
4706  31
4707  31
4708  31
4709  32
4710  28
4711  24
4712  23
4713  38
4714  37
4715  22
4716  24
4717  22
4718  30
4719  33
4720  24
4721  29
4722  32
4723  31
4724  25
4725  25
4726  36
4727  31
4728  29
4729  17
4730  29
4731  36
4732  34
4733  28
4734  32
4735  31
4736  37
4737  23
4738  37
4739  37
4740  30
4741  31
4742  38
4743  24
4744  22
4745  28
4746  23
4747  35
4748  34
4749  40
4750  29
4751  32
4752  45
4753  39
4754  35
4755  22
4756  22
4757  24
4758  23
4759  31
4760  31
4761  35
4762  32
4763  25
4764  31
4765  30
4766  41
4767  33
4768  28
4769  36
4770  29
4771  28
4772  29
4773  32
4774  20
4775  37
4776  30
4777  26
4778  20
4779  33
4780  23
4781  37
4782  32
4783  25
4784  29
4785  27
4786  28
4787  28
4788  23
4789  25
4790  32
4791  26
4792  21
4793  34
4794  34
4795  25
4796  25
4797  32
4798  26
4799  32
4800  29
4801  26
4802  26
4803  29
4804  30
4805  21
4806  31
4807  27
4808  16
4809  20
4810  15
4811  22
4812  21
4813  37
4814  17
4815  33
4816  27
4817  33
4818  32
4819  16
4820  33
4821  30
4822  20
4823  26
4824  23
4825  18
4826  25
4827  36
4828  15
4829  25
4830  18
4831  18
4832  29
4833  34
4834  22
4835  16
4836  26
4837  24
4838  28
4839  12
4840  25
4841  18
4842  24
4843  23
4844  13
4845  31
4846  27
4847  28
4848  23
4849  23
4850  19
4851  36
4852  23
4853  22
4854  28
4855  28
4856  31
4857  24
4858  19
4859  23
4860  21
4861  25
4862  22
4863  27
4864  23
4865  27
4866  25
4867  34
4868  22
4869  27
4870  26
4871  25
4872  29
4873  20
4874  20
4875  27
4876  32
4877  18
4878  27
4879  17
4880  21
4881  29
4882  22
4883  14
4884  16
4885  29
4886  38
4887  17
4888  23
4889  23
4890  26
4891  24
4892  20
4893  26
4894  33
4895  22
4896  18
4897  28
4898  30
4899  24
4900  21
4901  26
4902  22
4903  27
4904  25
4905  17
4906  27
4907  27
4908  31
4909  23
4910  31
4911  19
4912  26
4913  35
4914  24
4915  23
4916  21
4917  25
4918  16
4919  21
4920  29
4921  19
4922  26
4923  27
4924  36
4925  27
4926  21
4927  18
4928  25
4929  27
4930  25
4931  39
4932  20
4933  14
4934  22
4935  24
4936  41
4937  22
4938  33
4939  26
4940  24
4941  29
4942  24
4943  17
4944  21
4945  30
4946  25
4947  20
4948  35
4949  19
4950  20
4951  31
4952  22
4953  21
4954  33
4955  29
4956  32
4957  23
4958  22
4959  21
4960  26
4961  24
4962  30
4963  23
4964  25
4965  25
4966  30
4967  25
4968  21
4969  29
4970  27
4971  32
4972  23
4973  38
4974  25
4975  20
4976  31
4977  27
4978  20
4979  14
4980  27
4981  29
4982  23
4983  24
4984  20
4985  37
4986  26
4987  17
4988  20
4989  26
4990  19
4991  25
4992  25
4993  36
4994  27
4995  29
4996  22
4997  32
4998  42
4999  21
5000  24
5001  26
5002  16
5003  17
5004  23
5005  29
5006  25
5007  27
5008  22
5009  23
5010  22
5011  27
5012  32
5013  26
5014  31
5015  26
5016  23
5017  33
5018  31
5019  22
5020  31
5021  24
5022  29
5023  36
5024  26
5025  33
5026  28
5027  26
5028  23
5029  28
5030  33
5031  22
5032  31
5033  40
5034  33
5035  32
5036  23
5037  38
5038  24
5039  25
5040  32
5041  31
5042  25
5043  27
5044  41
5045  28
5046  30
5047  36
5048  37
5049  34
5050  27
5051  21
5052  32
5053  20
5054  27
5055  33
5056  21
5057  18
5058  26
5059  28
5060  21
5061  34
5062  35
5063  28
5064  20
5065  26
5066  30
5067  32
5068  29
5069  26
5070  42
5071  32
5072  28
5073  23
5074  31
5075  31
5076  23
5077  30
5078  33
5079  32
5080  34
5081  33
5082  21
5083  34
5084  29
5085  24
5086  40
5087  28
5088  27
5089  28
5090  36
5091  39
5092  24
5093  29
5094  22
5095  30
5096  29
5097  39
5098  36
5099  26
5100  29
5101  31
5102  39
5103  30
5104  28
5105  33
5106  37
5107  29
5108  35
5109  36
5110  36
5111  40
5112  29
5113  31
5114  30
5115  32
5116  39
5117  30
5118  28
5119  30
5120  37
5121  42
5122  23
5123  30
5124  26
5125  27
5126  30
5127  34
5128  33
5129  35
5130  34
5131  41
5132  34
5133  38
5134  37
5135  36
5136  33
5137  38
5138  31
5139  30
5140  37
5141  33
5142  40
5143  38
5144  35
5145  41
5146  38
5147  39
5148  28
5149  39
5150  33
5151  31
5152  34
5153  43
5154  34
5155  36
5156  39
5157  26
5158  25
5159  33
5160  29
5161  34
5162  42
5163  36
5164  37
5165  26
5166  43
5167  34
5168  36
5169  46
5170  35
5171  29
5172  35
5173  45
5174  28
5175  39
5176  33
5177  31
5178  28
5179  30
5180  35
5181  29
5182  36
5183  33
5184  45
5185  29
5186  32
5187  43
5188  38
5189  38
5190  27
5191  44
5192  35
5193  32
5194  26
5195  36
5196  40
5197  47
5198  32
5199  36
5200  37
5201  44
5202  44
5203  26
5204  39
5205  32
5206  36
5207  41
5208  40
5209  32
5210  33
5211  34
5212  37
5213  30
5214  47
5215  33
5216  31
5217  48
5218  44
5219  32
5220  37
5221  39
5222  30
5223  45
5224  26
5225  38
5226  36
5227  28
5228  41
5229  37
5230  34
5231  42
5232  42
5233  36
5234  47
5235  30
5236  35
5237  42
5238  28
5239  35
5240  44
5241  43
5242  31
5243  40
5244  26
5245  36
5246  24
5247  53
5248  50
5249  34
5250  46
5251  37
5252  38
5253  35
5254  30
5255  35
5256  34
5257  45
5258  39
5259  43
5260  50
5261  37
5262  31
5263  42
5264  40
5265  41
5266  39
5267  37
5268  38
5269  30
5270  42
5271  38
5272  32
5273  28
5274  32
5275  40
5276  30
5277  40
5278  35
5279  50
5280  45
5281  41
5282  34
5283  37
5284  34
5285  25
5286  47
5287  34
5288  47
5289  29
5290  30
5291  29
5292  38
5293  36
5294  32
5295  40
5296  34
5297  41
5298  35
5299  39
5300  35
5301  51
5302  46
5303  49
5304  54
5305  35
5306  37
5307  51
5308  35
5309  39
5310  30
5311  41
5312  29
5313  33
5314  43
5315  44
5316  39
5317  48
5318  36
5319  39
5320  41
5321  47
5322  46
5323  38
5324  32
5325  36
5326  36
5327  50
5328  49
5329  43
5330  38
5331  47
5332  32
5333  51
5334  39
5335  47
5336  53
5337  41
5338  43
5339  44
5340  40
5341  40
5342  32
5343  39
5344  44
5345  39
5346  34
5347  39
5348  48
5349  40
5350  41
5351  41
5352  52
5353  46
5354  50
5355  32
5356  43
5357  44
5358  41
5359  45
5360  36
5361  42
5362  30
5363  50
5364  46
5365  44
5366  43
5367  38
5368  41
5369  29
5370  41
5371  41
5372  50
5373  46
5374  40
5375  46
5376  45
5377  34
5378  46
5379  49
5380  32
5381  42
5382  50
5383  38
5384  40
5385  40
5386  43
5387  45
5388  49
5389  39
5390  41
5391  43
5392  42
5393  43
5394  48
5395  51
5396  62
5397  37
5398  54
5399  46
5400  44
5401  40
5402  49
5403  50
5404  59
5405  42
5406  43
5407  43
5408  40
5409  45
5410  48
5411  38
5412  41
5413  40
5414  46
5415  35
5416  44
5417  50
5418  51
5419  43
5420  42
5421  43
5422  53
5423  45
5424  55
5425  39
5426  49
5427  49
5428  47
5429  52
5430  44
5431  33
5432  51
5433  47
5434  60
5435  44
5436  53
5437  51
5438  52
5439  57
5440  40
5441  43
5442  44
5443  44
5444  44
5445  48
5446  50
5447  58
5448  51
5449  45
5450  45
5451  61
5452  38
5453  57
5454  45
5455  49
5456  50
5457  51
5458  45
5459  53
5460  52
5461  40
5462  52
5463  49
5464  46
5465  44
5466  50
5467  51
5468  54
5469  47
5470  63
5471  49
5472  57
5473  49
5474  42
5475  35
5476  46
5477  51
5478  70
5479  47
5480  58
5481  66
5482  52
5483  38
5484  51
5485  59
5486  40
5487  63
5488  54
5489  56
5490  59
5491  58
5492  54
5493  46
5494  45
5495  62
5496  49
5497  47
5498  52
5499  48
5500  48
5501  53
5502  55
5503  51
5504  61
5505  52
5506  45
5507  47
5508  47
5509  54
5510  52
5511  45
5512  48
5513  51
5514  46
5515  57
5516  60
5517  45
5518  51
5519  53
5520  52
5521  40
5522  49
5523  49
5524  62
5525  52
5526  66
5527  48
5528  53
5529  54
5530  76
5531  51
5532  54
5533  60
5534  56
5535  60
5536  72
5537  42
5538  57
5539  58
5540  56
5541  58
5542  59
5543  52
5544  51
5545  63
5546  53
5547  52
5548  64
5549  60
5550  57
5551  80
5552  58
5553  47
5554  64
5555  54
5556  48
5557  55
5558  60
5559  80
5560  60
5561  49
5562  67
5563  53
5564  60
5565  46
5566  47
5567  54
5568  64
5569  57
5570  66
5571  61
5572  57
5573  59
5574  59
5575  62
5576  64
5577  66
5578  45
5579  73
5580  57
5581  78
5582  67
5583  66
5584  50
5585  66
5586  62
5587  75
5588  57
5589  69
5590  53
5591  65
5592  70
5593  78
5594  59
5595  74
5596  63
5597  66
5598  65
5599  59
5600  71
5601  79
5602  81
5603  66
5604  87
5605  65
5606  72
5607  83
5608  93
5609  76
5610  66
5611  68
5612  69
5613  74
5614  82
5615  77
5616  74
5617  69
5618  69
5619  84
5620  92
5621  88
5622  89
5623  95
5624  91
5625  96
5626  85
5627  98
5628  72
5629  84
5630  83
5631  67
5632  98
5633  93
5634  81
5635  89
5636  101
5637  107
5638  97
5639  101
5640  114
5641  89
5642  117
5643  100
5644  104
5645  96
5646  119
5647  99
5648  106
5649  112
5650  104
5651  112
5652  131
5653  109
5654  120
5655  111
5656  118
5657  133
5658  121
5659  110
5660  137
5661  143
5662  130
5663  132
5664  140
5665  140
5666  134
5667  158
5668  183
5669  157
5670  168
5671  171
5672  163
5673  172
5674  194
5675  183
5676  183
5677  182
5678  177
5679  205
5680  215
5681  221
5682  216
5683  206
5684  249
5685  223
5686  210
5687  214
5688  275
5689  283
5690  288
5691  275
5692  257
5693  284
5694  294
5695  316
5696  327
5697  316
5698  361
5699  339
5700  372
5701  356
5702  370
5703  380
5704  408
5705  395
5706  415
5707  442
5708  434
5709  457
5710  531
5711  452
5712  512
5713  506
5714  524
5715  570
5716  561
5717  589
5718  623
5719  643
5720  656
5721  665
5722  685
5723  695
5724  777
5725  751
5726  751
5727  807
5728  754
5729  852
5730  822
5731  823
5732  874
5733  889
5734  881
5735  940
5736  992
5737  981
5738  1071
5739  1074
5740  1092
5741  1098
5742  1189
5743  1167
5744  1238
5745  1265
5746  1225
5747  1422
5748  1426
5749  1408
5750  1497
5751  1521
5752  1576
5753  1617
5754  1725
5755  1788
5756  1738
5757  1856
5758  1910
5759  2001
5760  2043
5761  2059
5762  2217
5763  2317
5764  2292
5765  2417
5766  2504
5767  2556
5768  2686
5769  2735
5770  2628
5771  2786
5772  2881
5773  2974
5774  3009
5775  3064
5776  3168
5777  3098
5778  3213
5779  3322
5780  3409
5781  3537
5782  3542
5783  3711
5784  3821
5785  3823
5786  3880
5787  3828
5788  3912
5789  4001
5790  4126
5791  4170
5792  4291
5793  4248
5794  4372
5795  4543
5796  4633
5797  4790
5798  4934
5799  4896
5800  4930
5801  5184
5802  5191
5803  5424
5804  5552
5805  5655
5806  5734
5807  5782
5808  6020
5809  6356
5810  6417
5811  6535
5812  6769
5813  6899
5814  7066
5815  7010
5816  7258
5817  7407
5818  7516
5819  7637
5820  7787
5821  7762
5822  7900
5823  8009
5824  7907
5825  7815
5826  7989
5827  8108
5828  8134
5829  7965
5830  7858
5831  7772
5832  7810
5833  7554
5834  7332
5835  7267
5836  7215
5837  6954
5838  6903
5839  6328
5840  6285
5841  6102
5842  5706
5843  5542
5844  5154
5845  4787
5846  4704
5847  4222
5848  4069
5849  3804
5850  3587
5851  3178
5852  2987
5853  2624
5854  2468
5855  2196
5856  1957
5857  1667
5858  1535
5859  1425
5860  1173
5861  989
5862  913
5863  739
5864  657
5865  583
5866  485
5867  392
5868  321
5869  293
5870  233
5871  210
5872  183
5873  148
5874  133
5875  127
5876  88
5877  101
5878  89
5879  73
5880  66
5881  64
5882  65
5883  51
5884  45
5885  38
5886  43
5887  42
5888  32
5889  38
5890  46
5891  41
5892  35
5893  47
5894  47
5895  50
5896  45
5897  30
5898  26
5899  32
5900  21
5901  33
5902  27
5903  14
5904  26
5905  22
5906  29
5907  14
5908  17
5909  22
5910  19
5911  19
5912  21
5913  22
5914  16
5915  9
5916  12
5917  7
5918  15
5919  6
5920  6
5921  3
5922  3
5923  3
5924  4
5925  3
5926  2
5927  1
5928  1
5929  0
5930  0
5931  0
5932  3
5933  0
5934  0
5935  1
5936  0
5937  1
5938  1
5939  0
5940  1
5941  0
5942  0
5943  0
5944  0
5945  0
5946  0
5947  0
5948  0
5949  0
5950  0
5951  0
5952  0
5953  0
5954  0
5955  0
5956  0
5957  0
5958  0
5959  0
5960  0
5961  0
5962  0
5963  0
5964  0
5965  0
5966  0
5967  0
5968  0
5969  0
5970  0
5971  0
5972  0
5973  0
5974  0
5975  0
5976  0
5977  0
5978  0
5979  0
5980  0
5981  0
5982  0
5983  0
5984  0
5985  0
5986  0
5987  0
5988  0
5989  0
5990  0
5991  0
5992  0
5993  0
5994  0
5995  0
5996  0
5997  0
5998  0
5999  0
6000  0
6001  0
6002  0
6003  0
6004  0
6005  0
6006  0
6007  0
6008  0
6009  0
6010  0
6011  0
6012  0
6013  0
6014  0
6015  0
6016  0
6017  0
6018  0
6019  0
6020  0
6021  0
6022  0
6023  0
6024  0
6025  0
6026  0
6027  0
6028  0
6029  0
6030  0
6031  0
6032  0
6033  0
6034  0
6035  0
6036  0
6037  0
6038  0
6039  0
6040  0
6041  0
6042  0
6043  0
6044  0
6045  0
6046  0
6047  0
6048  0
6049  0
6050  0
6051  0
6052  0
6053  0
6054  0
6055  0
6056  0
6057  0
6058  0
6059  0
6060  0
6061  0
6062  0
6063  0
6064  0
6065  0
6066  0
6067  0
6068  0
6069  0
6070  0
6071  0
6072  0
6073  0
6074  0
6075  0
6076  0
6077  0
6078  0
6079  0
6080  0
6081  0
6082  0
6083  0
6084  0
6085  0
6086  0
6087  0
6088  0
6089  0
6090  0
6091  0
6092  0
6093  0
6094  0
6095  0
6096  0
6097  0
6098  0
6099  0
6100  0
6101  0
6102  0
6103  0
6104  0
6105  0
6106  0
6107  0
6108  0
6109  0
6110  0
6111  0
6112  0
6113  0
6114  0
6115  0
6116  0
6117  0
6118  0
6119  0
6120  0
6121  0
6122  0
6123  0
6124  0
6125  0
6126  0
6127  0
6128  0
6129  0
6130  0
6131  0
6132  0
6133  0
6134  0
6135  0
6136  0
6137  0
6138  0
6139  0
6140  0
6141  0
6142  0
6143  0
6144  0
6145  0
6146  0
6147  0
6148  0
6149  0
6150  0
6151  0
6152  0
6153  0
6154  0
6155  0
6156  0
6157  0
6158  0
6159  0
6160  0
6161  0
6162  0
6163  0
6164  0
6165  0
6166  0
6167  0
6168  0
6169  0
6170  0
6171  0
6172  0
6173  0
6174  0
6175  0
6176  0
6177  0
6178  0
6179  0
6180  0
6181  0
6182  0
6183  0
6184  0
6185  0
6186  0
6187  0
6188  0
6189  0
6190  0
6191  0
6192  0
6193  0
6194  0
6195  0
6196  0
6197  0
6198  0
6199  0
6200  0
6201  0
6202  0
6203  0
6204  0
6205  0
6206  0
6207  0
6208  0
6209  0
6210  0
6211  0
6212  0
6213  0
6214  0
6215  0
6216  0
6217  0
6218  0
6219  0
6220  0
6221  0
6222  0
6223  0
6224  0
6225  0
6226  0
6227  0
6228  0
6229  0
6230  0
6231  0
6232  0
6233  0
6234  0
6235  0
6236  0
6237  0
6238  0
6239  0
6240  0
6241  0
6242  0
6243  0
6244  0
6245  0
6246  0
6247  0
6248  0
6249  0
6250  0
6251  0
6252  0
6253  0
6254  0
6255  0
6256  0
6257  0
6258  0
6259  0
6260  0
6261  0
6262  0
6263  0
6264  0
6265  0
6266  0
6267  0
6268  0
6269  0
6270  0
6271  0
6272  0
6273  0
6274  0
6275  0
6276  0
6277  0
6278  0
6279  0
6280  0
6281  0
6282  0
6283  0
6284  0
6285  0
6286  0
6287  0
6288  0
6289  0
6290  0
6291  0
6292  0
6293  0
6294  0
6295  0
6296  0
6297  0
6298  0
6299  0
6300  0
6301  0
6302  0
6303  0
6304  0
6305  0
6306  0
6307  0
6308  0
6309  0
6310  0
6311  0
6312  0
6313  0
6314  0
6315  0
6316  0
6317  0
6318  0
6319  0
6320  0
6321  0
6322  0
6323  0
6324  0
6325  0
6326  0
6327  0
6328  0
6329  0
6330  0
6331  0
6332  0
6333  0
6334  0
6335  0
6336  0
6337  0
6338  0
6339  0
6340  0
6341  0
6342  0
6343  0
6344  0
6345  0
6346  0
6347  0
6348  0
6349  0
6350  0
6351  0
6352  0
6353  0
6354  0
6355  0
6356  0
6357  0
6358  0
6359  0
6360  0
6361  0
6362  0
6363  0
6364  0
6365  0
6366  0
6367  0
6368  0
6369  0
6370  0
6371  0
6372  0
6373  0
6374  0
6375  0
6376  0
6377  0
6378  0
6379  0
6380  0
6381  0
6382  0
6383  0
6384  0
6385  0
6386  0
6387  0
6388  0
6389  0
6390  0
6391  0
6392  0
6393  0
6394  0
6395  0
6396  0
6397  0
6398  0
6399  0
6400  0
6401  0
6402  0
6403  0
6404  0
6405  0
6406  0
6407  0
6408  0
6409  0
6410  0
6411  0
6412  0
6413  0
6414  0
6415  0
6416  0
6417  0
6418  0
6419  0
6420  0
6421  0
6422  0
6423  0
6424  0
6425  0
6426  0
6427  0
6428  0
6429  0
6430  0
6431  0
6432  0
6433  0
6434  0
6435  0
6436  0
6437  0
6438  0
6439  0
6440  0
6441  0
6442  0
6443  0
6444  0
6445  0
6446  0
6447  0
6448  0
6449  0
6450  0
6451  0
6452  0
6453  0
6454  0
6455  0
6456  0
6457  0
6458  0
6459  0
6460  0
6461  0
6462  0
6463  0
6464  0
6465  0
6466  0
6467  0
6468  0
6469  0
6470  0
6471  0
6472  0
6473  0
6474  0
6475  0
6476  0
6477  0
6478  0
6479  0
6480  0
6481  0
6482  0
6483  0
6484  0
6485  0
6486  0
6487  0
6488  0
6489  0
6490  0
6491  0
6492  0
6493  0
6494  0
6495  0
6496  0
6497  0
6498  0
6499  0
6500  0
6501  0
6502  0
6503  0
6504  0
6505  0
6506  0
6507  0
6508  0
6509  0
6510  0
6511  0
6512  0
6513  0
6514  0
6515  0
6516  0
6517  0
6518  0
6519  0
6520  0
6521  0
6522  0
6523  0
6524  0
6525  0
6526  0
6527  0
6528  0
6529  0
6530  0
6531  0
6532  0
6533  0
6534  0
6535  0
6536  0
6537  0
6538  0
6539  0
6540  0
6541  0
6542  0
6543  0
6544  0
6545  0
6546  0
6547  0
6548  0
6549  0
6550  0
6551  0
6552  0
6553  0
6554  0
6555  0
6556  0
6557  0
6558  0
6559  0
6560  0
6561  0
6562  0
6563  0
6564  0
6565  0
6566  0
6567  0
6568  0
6569  0
6570  0
6571  0
6572  0
6573  0
6574  0
6575  0
6576  0
6577  0
6578  0
6579  0
6580  0
6581  0
6582  0
6583  0
6584  0
6585  0
6586  0
6587  0
6588  0
6589  0
6590  0
6591  0
6592  0
6593  0
6594  0
6595  0
6596  0
6597  0
6598  0
6599  0
6600  0
6601  0
6602  0
6603  0
6604  0
6605  0
6606  0
6607  0
6608  0
6609  0
6610  0
6611  0
6612  0
6613  0
6614  0
6615  0
6616  0
6617  0
6618  0
6619  0
6620  0
6621  0
6622  0
6623  0
6624  0
6625  0
6626  0
6627  0
6628  0
6629  0
6630  0
6631  0
6632  0
6633  0
6634  0
6635  0
6636  0
6637  0
6638  0
6639  0
6640  0
6641  0
6642  0
6643  0
6644  0
6645  0
6646  0
6647  0
6648  0
6649  0
6650  0
6651  0
6652  0
6653  0
6654  0
6655  0
6656  0
6657  0
6658  0
6659  0
6660  0
6661  0
6662  0
6663  0
6664  0
6665  0
6666  0
6667  0
6668  0
6669  0
6670  0
6671  0
6672  0
6673  0
6674  0
6675  0
6676  0
6677  0
6678  0
6679  0
6680  0
6681  0
6682  0
6683  0
6684  0
6685  0
6686  0
6687  0
6688  0
6689  0
6690  0
6691  0
6692  0
6693  0
6694  0
6695  0
6696  0
6697  0
6698  0
6699  0
6700  0
6701  0
6702  0
6703  0
6704  0
6705  0
6706  0
6707  0
6708  0
6709  0
6710  0
6711  0
6712  0
6713  0
6714  0
6715  0
6716  0
6717  0
6718  0
6719  0
6720  0
6721  0
6722  0
6723  0
6724  0
6725  0
6726  0
6727  0
6728  0
6729  0
6730  0
6731  0
6732  0
6733  0
6734  0
6735  0
6736  0
6737  0
6738  0
6739  0
6740  0
6741  0
6742  0
6743  0
6744  0
6745  0
6746  0
6747  0
6748  0
6749  0
6750  0
6751  0
6752  0
6753  0
6754  0
6755  0
6756  0
6757  0
6758  0
6759  0
6760  0
6761  0
6762  0
6763  0
6764  0
6765  0
6766  0
6767  0
6768  0
6769  0
6770  0
6771  0
6772  0
6773  0
6774  0
6775  0
6776  0
6777  0
6778  0
6779  0
6780  0
6781  0
6782  0
6783  0
6784  0
6785  0
6786  0
6787  0
6788  0
6789  0
6790  0
6791  0
6792  0
6793  0
6794  0
6795  0
6796  0
6797  0
6798  0
6799  0
6800  0
6801  0
6802  0
6803  0
6804  0
6805  0
6806  0
6807  0
6808  0
6809  0
6810  0
6811  0
6812  0
6813  0
6814  0
6815  0
6816  0
6817  0
6818  0
6819  0
6820  0
6821  0
6822  0
6823  0
6824  0
6825  0
6826  0
6827  0
6828  0
6829  0
6830  0
6831  0
6832  0
6833  0
6834  0
6835  0
6836  0
6837  0
6838  0
6839  0
6840  0
6841  0
6842  0
6843  0
6844  0
6845  0
6846  0
6847  0
6848  0
6849  0
6850  0
6851  0
6852  0
6853  0
6854  0
6855  0
6856  0
6857  0
6858  0
6859  0
6860  0
6861  0
6862  0
6863  0
6864  0
6865  0
6866  0
6867  0
6868  0
6869  0
6870  0
6871  0
6872  0
6873  0
6874  0
6875  0
6876  0
6877  0
6878  0
6879  0
6880  0
6881  0
6882  0
6883  0
6884  0
6885  0
6886  0
6887  0
6888  0
6889  0
6890  0
6891  0
6892  0
6893  0
6894  0
6895  0
6896  0
6897  0
6898  0
6899  0
6900  0
6901  0
6902  0
6903  0
6904  0
6905  0
6906  0
6907  0
6908  0
6909  0
6910  0
6911  0
6912  0
6913  0
6914  0
6915  0
6916  0
6917  0
6918  0
6919  0
6920  0
6921  0
6922  0
6923  0
6924  0
6925  0
6926  0
6927  0
6928  0
6929  0
6930  0
6931  0
6932  0
6933  0
6934  0
6935  0
6936  0
6937  0
6938  0
6939  0
6940  0
6941  0
6942  0
6943  0
6944  0
6945  0
6946  0
6947  0
6948  0
6949  0
6950  0
6951  0
6952  0
6953  0
6954  0
6955  0
6956  0
6957  0
6958  0
6959  0
6960  0
6961  0
6962  0
6963  0
6964  0
6965  0
6966  0
6967  0
6968  0
6969  0
6970  0
6971  0
6972  0
6973  0
6974  0
6975  0
6976  0
6977  0
6978  0
6979  0
6980  0
6981  0
6982  0
6983  0
6984  0
6985  0
6986  0
6987  0
6988  0
6989  0
6990  0
6991  0
6992  0
6993  0
6994  0
6995  0
6996  0
6997  0
6998  0
6999  0
7000  0
7001  0
7002  0
7003  0
7004  0
7005  0
7006  0
7007  0
7008  0
7009  0
7010  0
7011  0
7012  0
7013  0
7014  0
7015  0
7016  0
7017  0
7018  0
7019  0
7020  0
7021  0
7022  0
7023  0
7024  0
7025  0
7026  0
7027  0
7028  0
7029  0
7030  0
7031  0
7032  0
7033  0
7034  0
7035  0
7036  0
7037  0
7038  0
7039  0
7040  0
7041  0
7042  0
7043  0
7044  0
7045  0
7046  0
7047  0
7048  0
7049  0
7050  0
7051  0
7052  0
7053  0
7054  0
7055  0
7056  0
7057  0
7058  0
7059  0
7060  0
7061  0
7062  0
7063  0
7064  0
7065  0
7066  0
7067  0
7068  0
7069  0
7070  0
7071  0
7072  0
7073  0
7074  0
7075  0
7076  0
7077  0
7078  0
7079  0
7080  0
7081  0
7082  0
7083  0
7084  0
7085  0
7086  0
7087  0
7088  0
7089  0
7090  0
7091  0
7092  0
7093  0
7094  0
7095  0
7096  0
7097  0
7098  0
7099  0
7100  0
7101  0
7102  0
7103  0
7104  0
7105  0
7106  0
7107  0
7108  0
7109  0
7110  0
7111  0
7112  0
7113  0
7114  0
7115  0
7116  0
7117  0
7118  0
7119  0
7120  0
7121  0
7122  0
7123  0
7124  0
7125  0
7126  0
7127  0
7128  0
7129  0
7130  0
7131  0
7132  0
7133  0
7134  0
7135  0
7136  0
7137  0
7138  0
7139  0
7140  0
7141  0
7142  0
7143  0
7144  0
7145  0
7146  0
7147  0
7148  0
7149  0
7150  0
7151  0
7152  0
7153  0
7154  0
7155  0
7156  0
7157  0
7158  0
7159  0
7160  0
7161  0
7162  0
7163  0
7164  0
7165  0
7166  0
7167  0
7168  0
7169  0
7170  0
7171  0
7172  0
7173  0
7174  0
7175  0
7176  0
7177  0
7178  0
7179  0
7180  0
7181  0
7182  0
7183  0
7184  0
7185  0
7186  0
7187  0
7188  0
7189  0
7190  0
7191  0
7192  0
7193  0
7194  0
7195  0
7196  0
7197  0
7198  0
7199  0
7200  0
7201  0
7202  0
7203  0
7204  0
7205  0
7206  0
7207  0
7208  0
7209  0
7210  0
7211  0
7212  0
7213  0
7214  0
7215  0
7216  0
7217  0
7218  0
7219  0
7220  0
7221  0
7222  0
7223  0
7224  0
7225  0
7226  0
7227  0
7228  0
7229  0
7230  0
7231  0
7232  0
7233  0
7234  0
7235  0
7236  0
7237  0
7238  0
7239  0
7240  0
7241  0
7242  0
7243  0
7244  0
7245  0
7246  0
7247  0
7248  0
7249  0
7250  0
7251  0
7252  0
7253  0
7254  0
7255  0
7256  0
7257  0
7258  0
7259  0
7260  0
7261  0
7262  0
7263  0
7264  0
7265  0
7266  0
7267  0
7268  0
7269  0
7270  0
7271  0
7272  0
7273  0
7274  0
7275  0
7276  0
7277  0
7278  0
7279  0
7280  0
7281  0
7282  0
7283  0
7284  0
7285  0
7286  0
7287  0
7288  0
7289  0
7290  0
7291  0
7292  0
7293  0
7294  0
7295  0
7296  0
7297  0
7298  0
7299  0
7300  0
7301  0
7302  0
7303  0
7304  0
7305  0
7306  0
7307  0
7308  0
7309  0
7310  0
7311  0
7312  0
7313  0
7314  0
7315  0
7316  0
7317  0
7318  0
7319  0
7320  0
7321  0
7322  0
7323  0
7324  0
7325  0
7326  0
7327  0
7328  0
7329  0
7330  0
7331  0
7332  0
7333  0
7334  0
7335  0
7336  0
7337  0
7338  0
7339  0
7340  0
7341  0
7342  0
7343  0
7344  0
7345  0
7346  0
7347  0
7348  0
7349  0
7350  0
7351  0
7352  0
7353  0
7354  0
7355  0
7356  0
7357  0
7358  0
7359  0
7360  0
7361  0
7362  0
7363  0
7364  0
7365  0
7366  0
7367  0
7368  0
7369  0
7370  0
7371  0
7372  0
7373  0
7374  0
7375  0
7376  0
7377  0
7378  0
7379  0
7380  0
7381  0
7382  0
7383  0
7384  0
7385  0
7386  0
7387  0
7388  0
7389  0
7390  0
7391  0
7392  0
7393  0
7394  0
7395  0
7396  0
7397  0
7398  0
7399  0
7400  0
7401  0
7402  0
7403  0
7404  0
7405  0
7406  0
7407  0
7408  0
7409  0
7410  0
7411  0
7412  0
7413  0
7414  0
7415  0
7416  0
7417  0
7418  0
7419  0
7420  0
7421  0
7422  0
7423  0
7424  0
7425  0
7426  0
7427  0
7428  0
7429  0
7430  0
7431  0
7432  0
7433  0
7434  0
7435  0
7436  0
7437  0
7438  0
7439  0
7440  0
7441  0
7442  0
7443  0
7444  0
7445  0
7446  0
7447  0
7448  0
7449  0
7450  0
7451  0
7452  0
7453  0
7454  0
7455  0
7456  0
7457  0
7458  0
7459  0
7460  0
7461  0
7462  0
7463  0
7464  0
7465  0
7466  0
7467  0
7468  0
7469  0
7470  0
7471  0
7472  0
7473  0
7474  0
7475  0
7476  0
7477  0
7478  0
7479  0
7480  0
7481  0
7482  0
7483  0
7484  0
7485  0
7486  0
7487  0
7488  0
7489  0
7490  0
7491  0
7492  0
7493  0
7494  0
7495  0
7496  0
7497  0
7498  0
7499  0
7500  0
7501  0
7502  0
7503  0
7504  0
7505  0
7506  0
7507  0
7508  0
7509  0
7510  0
7511  0
7512  0
7513  0
7514  0
7515  0
7516  0
7517  0
7518  0
7519  0
7520  0
7521  0
7522  0
7523  0
7524  0
7525  0
7526  0
7527  0
7528  0
7529  0
7530  0
7531  0
7532  0
7533  0
7534  0
7535  0
7536  0
7537  0
7538  0
7539  0
7540  0
7541  0
7542  0
7543  0
7544  0
7545  0
7546  0
7547  0
7548  0
7549  0
7550  0
7551  0
7552  0
7553  0
7554  0
7555  0
7556  0
7557  0
7558  0
7559  0
7560  0
7561  0
7562  0
7563  0
7564  0
7565  0
7566  0
7567  0
7568  0
7569  0
7570  0
7571  0
7572  0
7573  0
7574  0
7575  0
7576  0
7577  0
7578  0
7579  0
7580  0
7581  0
7582  0
7583  0
7584  0
7585  0
7586  0
7587  0
7588  0
7589  0
7590  0
7591  0
7592  0
7593  0
7594  0
7595  0
7596  0
7597  0
7598  0
7599  0
7600  0
7601  0
7602  0
7603  0
7604  0
7605  0
7606  0
7607  0
7608  0
7609  0
7610  0
7611  0
7612  0
7613  0
7614  0
7615  0
7616  0
7617  0
7618  0
7619  0
7620  0
7621  0
7622  0
7623  0
7624  0
7625  0
7626  0
7627  0
7628  0
7629  0
7630  0
7631  0
7632  0
7633  0
7634  0
7635  0
7636  0
7637  0
7638  0
7639  0
7640  0
7641  0
7642  0
7643  0
7644  0
7645  0
7646  0
7647  0
7648  0
7649  0
7650  0
7651  0
7652  0
7653  0
7654  0
7655  0
7656  0
7657  0
7658  0
7659  0
7660  0
7661  0
7662  0
7663  0
7664  0
7665  0
7666  0
7667  0
7668  0
7669  0
7670  0
7671  0
7672  0
7673  0
7674  0
7675  0
7676  0
7677  0
7678  0
7679  0
7680  0
7681  0
7682  0
7683  0
7684  0
7685  0
7686  0
7687  0
7688  0
7689  0
7690  0
7691  0
7692  0
7693  0
7694  0
7695  0
7696  0
7697  0
7698  0
7699  0
7700  0
7701  0
7702  0
7703  0
7704  0
7705  0
7706  0
7707  0
7708  0
7709  0
7710  0
7711  0
7712  0
7713  0
7714  0
7715  0
7716  0
7717  0
7718  0
7719  0
7720  0
7721  0
7722  0
7723  0
7724  0
7725  0
7726  0
7727  0
7728  0
7729  0
7730  0
7731  0
7732  0
7733  0
7734  0
7735  0
7736  0
7737  0
7738  0
7739  0
7740  0
7741  0
7742  0
7743  0
7744  0
7745  0
7746  0
7747  0
7748  0
7749  0
7750  0
7751  0
7752  0
7753  0
7754  0
7755  0
7756  0
7757  0
7758  0
7759  0
7760  0
7761  0
7762  0
7763  0
7764  0
7765  0
7766  0
7767  0
7768  0
7769  0
7770  0
7771  0
7772  0
7773  0
7774  0
7775  0
7776  0
7777  0
7778  0
7779  0
7780  0
7781  0
7782  0
7783  0
7784  0
7785  0
7786  0
7787  0
7788  0
7789  0
7790  0
7791  0
7792  0
7793  0
7794  0
7795  0
7796  0
7797  0
7798  0
7799  0
7800  0
7801  0
7802  0
7803  0
7804  0
7805  0
7806  0
7807  0
7808  0
7809  0
7810  0
7811  0
7812  0
7813  0
7814  0
7815  0
7816  0
7817  0
7818  0
7819  0
7820  0
7821  0
7822  0
7823  0
7824  0
7825  0
7826  0
7827  0
7828  0
7829  0
7830  0
7831  0
7832  0
7833  0
7834  0
7835  0
7836  0
7837  0
7838  0
7839  0
7840  0
7841  0
7842  0
7843  0
7844  0
7845  0
7846  0
7847  0
7848  0
7849  0
7850  0
7851  0
7852  0
7853  0
7854  0
7855  0
7856  0
7857  0
7858  0
7859  0
7860  0
7861  0
7862  0
7863  0
7864  0
7865  0
7866  0
7867  0
7868  0
7869  0
7870  0
7871  0
7872  0
7873  0
7874  0
7875  0
7876  0
7877  0
7878  0
7879  0
7880  0
7881  0
7882  0
7883  0
7884  0
7885  0
7886  0
7887  0
7888  0
7889  0
7890  0
7891  0
7892  0
7893  0
7894  0
7895  0
7896  0
7897  0
7898  0
7899  0
7900  0
7901  0
7902  0
7903  0
7904  0
7905  0
7906  0
7907  0
7908  0
7909  0
7910  0
7911  0
7912  0
7913  0
7914  0
7915  0
7916  0
7917  0
7918  0
7919  0
7920  0
7921  0
7922  0
7923  0
7924  0
7925  0
7926  0
7927  0
7928  0
7929  0
7930  0
7931  0
7932  0
7933  0
7934  0
7935  0
7936  0
7937  0
7938  0
7939  0
7940  0
7941  0
7942  0
7943  0
7944  0
7945  0
7946  0
7947  0
7948  0
7949  0
7950  0
7951  0
7952  0
7953  0
7954  0
7955  0
7956  0
7957  0
7958  0
7959  0
7960  0
7961  0
7962  0
7963  0
7964  0
7965  0
7966  0
7967  0
7968  0
7969  0
7970  0
7971  0
7972  0
7973  0
7974  0
7975  0
7976  0
7977  0
7978  0
7979  0
7980  0
7981  0
7982  0
7983  0
7984  0
7985  0
7986  0
7987  0
7988  0
7989  0
7990  0
7991  0
7992  0
7993  0
7994  0
7995  0
7996  0
7997  0
7998  0
7999  0
8000  0
8001  0
8002  0
8003  0
8004  0
8005  0
8006  0
8007  0
8008  0
8009  0
8010  0
8011  0
8012  0
8013  0
8014  0
8015  0
8016  0
8017  0
8018  0
8019  0
8020  0
8021  0
8022  0
8023  0
8024  0
8025  0
8026  0
8027  0
8028  0
8029  0
8030  0
8031  0
8032  0
8033  0
8034  0
8035  0
8036  0
8037  0
8038  0
8039  0
8040  0
8041  0
8042  0
8043  0
8044  0
8045  0
8046  0
8047  0
8048  0
8049  0
8050  0
8051  0
8052  0
8053  0
8054  0
8055  0
8056  0
8057  0
8058  0
8059  0
8060  0
8061  0
8062  0
8063  0
8064  0
8065  0
8066  0
8067  0
8068  0
8069  0
8070  0
8071  0
8072  0
8073  0
8074  0
8075  0
8076  0
8077  0
8078  0
8079  0
8080  0
8081  0
8082  0
8083  0
8084  0
8085  0
8086  0
8087  0
8088  0
8089  0
8090  0
8091  0
8092  0
8093  0
8094  0
8095  0
8096  0
8097  0
8098  0
8099  0
8100  0
8101  0
8102  0
8103  0
8104  0
8105  0
8106  0
8107  0
8108  0
8109  0
8110  0
8111  0
8112  0
8113  0
8114  0
8115  0
8116  0
8117  0
8118  0
8119  0
8120  0
8121  0
8122  0
8123  0
8124  0
8125  0
8126  0
8127  0
8128  0
8129  0
8130  0
8131  0
8132  0
8133  0
8134  0
8135  0
8136  0
8137  0
8138  0
8139  0
8140  0
8141  0
8142  0
8143  0
8144  0
8145  0
8146  0
8147  0
8148  0
8149  0
8150  0
8151  0
8152  0
8153  0
8154  0
8155  0
8156  0
8157  0
8158  0
8159  0
8160  0
8161  0
8162  0
8163  0
8164  0
8165  0
8166  0
8167  0
8168  0
8169  0
8170  0
8171  0
8172  0
8173  0
8174  0
8175  0
8176  0
8177  0
8178  0
8179  0
8180  0
8181  0
8182  0
8183  0
8184  0
8185  0
8186  0
8187  0
8188  0
8189  0
8190  0
8191  0
