0  0
1  0
2  0
3  0
4  0
5  0
6  0
7  0
8  0
9  0
10  0
11  0
12  0
13  0
14  0
15  0
16  0
17  0
18  0
19  0
20  0
21  0
22  0
23  0
24  0
25  0
26  0
27  0
28  0
29  0
30  0
31  0
32  0
33  0
34  0
35  0
36  0
37  0
38  0
39  0
40  0
41  0
42  0
43  0
44  0
45  0
46  0
47  0
48  0
49  0
50  0
51  0
52  0
53  0
54  0
55  0
56  0
57  0
58  0
59  0
60  0
61  0
62  0
63  0
64  0
65  0
66  0
67  0
68  0
69  0
70  0
71  0
72  0
73  0
74  0
75  0
76  0
77  0
78  0
79  0
80  0
81  0
82  0
83  0
84  0
85  0
86  0
87  0
88  0
89  0
90  0
91  0
92  0
93  0
94  0
95  0
96  0
97  0
98  0
99  0
100  0
101  0
102  0
103  0
104  0
105  0
106  0
107  0
108  0
109  0
110  0
111  0
112  0
113  0
114  0
115  0
116  0
117  0
118  0
119  0
120  0
121  0
122  0
123  0
124  0
125  0
126  0
127  0
128  0
129  0
130  0
131  0
132  0
133  0
134  0
135  0
136  0
137  0
138  0
139  0
140  0
141  0
142  0
143  0
144  0
145  0
146  0
147  0
148  0
149  0
150  0
151  0
152  0
153  0
154  0
155  0
156  0
157  0
158  0
159  0
160  0
161  0
162  0
163  0
164  0
165  0
166  0
167  0
168  0
169  0
170  0
171  0
172  0
173  0
174  0
175  0
176  0
177  0
178  0
179  0
180  0
181  0
182  0
183  0
184  0
185  0
186  0
187  0
188  0
189  0
190  0
191  0
192  0
193  0
194  0
195  0
196  0
197  0
198  0
199  0
200  0
201  0
202  0
203  0
204  0
205  0
206  0
207  0
208  0
209  0
210  0
211  0
212  0
213  0
214  0
215  0
216  0
217  0
218  0
219  0
220  0
221  0
222  0
223  0
224  0
225  0
226  0
227  0
228  0
229  0
230  0
231  0
232  0
233  0
234  0
235  0
236  0
237  0
238  0
239  0
240  0
241  0
242  0
243  0
244  0
245  0
246  0
247  0
248  0
249  0
250  0
251  0
252  0
253  0
254  0
255  0
256  0
257  0
258  0
259  0
260  0
261  0
262  0
263  0
264  0
265  0
266  0
267  0
268  0
269  0
270  0
271  0
272  0
273  0
274  0
275  0
276  0
277  0
278  0
279  0
280  0
281  0
282  0
283  0
284  0
285  0
286  0
287  0
288  0
289  0
290  0
291  0
292  0
293  0
294  0
295  0
296  0
297  0
298  0
299  0
300  0
301  0
302  0
303  0
304  0
305  0
306  0
307  0
308  0
309  0
310  0
311  0
312  0
313  0
314  0
315  0
316  0
317  0
318  0
319  0
320  0
321  0
322  0
323  0
324  0
325  0
326  0
327  0
328  0
329  0
330  0
331  0
332  0
333  0
334  0
335  0
336  0
337  0
338  0
339  0
340  0
341  0
342  0
343  0
344  0
345  0
346  0
347  0
348  0
349  0
350  0
351  0
352  0
353  0
354  0
355  0
356  0
357  0
358  0
359  0
360  0
361  0
362  0
363  0
364  0
365  0
366  0
367  0
368  0
369  0
370  0
371  0
372  0
373  0
374  0
375  0
376  0
377  0
378  0
379  0
380  0
381  0
382  0
383  0
384  0
385  0
386  0
387  0
388  0
389  0
390  0
391  0
392  0
393  0
394  0
395  0
396  0
397  0
398  0
399  0
400  0
401  0
402  0
403  0
404  0
405  0
406  0
407  0
408  0
409  0
410  0
411  0
412  1
413  0
414  0
415  0
416  0
417  0
418  0
419  0
420  0
421  0
422  0
423  0
424  0
425  0
426  0
427  0
428  0
429  0
430  0
431  0
432  0
433  0
434  1
435  0
436  0
437  0
438  0
439  0
440  0
441  0
442  0
443  0
444  0
445  0
446  0
447  0
448  0
449  0
450  0
451  0
452  0
453  0
454  0
455  0
456  0
457  0
458  0
459  0
460  0
461  0
462  0
463  1
464  0
465  0
466  0
467  0
468  0
469  0
470  0
471  0
472  0
473  0
474  0
475  0
476  0
477  0
478  0
479  0
480  0
481  0
482  0
483  0
484  0
485  0
486  0
487  0
488  0
489  0
490  0
491  0
492  0
493  0
494  0
495  0
496  0
497  0
498  0
499  0
500  0
501  0
502  0
503  0
504  0
505  0
506  0
507  0
508  0
509  0
510  0
511  0
512  0
513  0
514  0
515  0
516  0
517  0
518  0
519  0
520  0
521  0
522  0
523  0
524  0
525  0
526  0
527  0
528  0
529  0
530  0
531  0
532  0
533  0
534  0
535  0
536  0
537  0
538  0
539  0
540  0
541  0
542  0
543  0
544  0
545  0
546  0
547  0
548  0
549  0
550  0
551  0
552  0
553  0
554  0
555  0
556  0
557  0
558  0
559  0
560  0
561  0
562  0
563  0
564  0
565  0
566  0
567  0
568  0
569  0
570  0
571  0
572  0
573  0
574  0
575  0
576  0
577  0
578  0
579  0
580  0
581  0
582  0
583  0
584  0
585  0
586  0
587  0
588  0
589  0
590  0
591  0
592  0
593  0
594  0
595  0
596  0
597  0
598  0
599  0
600  0
601  0
602  0
603  0
604  0
605  0
606  0
607  0
608  0
609  0
610  0
611  0
612  0
613  0
614  0
615  0
616  0
617  0
618  0
619  0
620  0
621  0
622  0
623  0
624  0
625  0
626  0
627  0
628  0
629  0
630  0
631  0
632  0
633  0
634  0
635  0
636  0
637  0
638  0
639  0
640  0
641  0
642  0
643  0
644  0
645  0
646  0
647  0
648  0
649  0
650  0
651  0
652  0
653  0
654  0
655  0
656  0
657  0
658  0
659  0
660  0
661  0
662  0
663  0
664  0
665  0
666  0
667  0
668  0
669  0
670  0
671  0
672  0
673  0
674  0
675  0
676  0
677  0
678  0
679  0
680  0
681  0
682  0
683  0
684  0
685  0
686  0
687  0
688  0
689  0
690  0
691  0
692  0
693  0
694  0
695  0
696  0
697  0
698  0
699  0
700  0
701  0
702  0
703  0
704  0
705  0
706  0
707  0
708  0
709  0
710  0
711  0
712  0
713  0
714  0
715  0
716  0
717  0
718  0
719  0
720  0
721  0
722  0
723  0
724  0
725  0
726  0
727  0
728  0
729  0
730  0
731  0
732  0
733  0
734  0
735  0
736  0
737  0
738  0
739  0
740  0
741  0
742  0
743  0
744  0
745  0
746  0
747  0
748  0
749  0
750  0
751  0
752  0
753  0
754  0
755  0
756  0
757  0
758  0
759  0
760  0
761  0
762  0
763  0
764  0
765  0
766  0
767  0
768  0
769  0
770  0
771  0
772  0
773  0
774  0
775  0
776  0
777  0
778  0
779  0
780  0
781  0
782  0
783  0
784  0
785  0
786  0
787  0
788  0
789  0
790  0
791  0
792  0
793  0
794  0
795  0
796  0
797  0
798  0
799  0
800  0
801  0
802  0
803  0
804  0
805  0
806  0
807  0
808  0
809  0
810  0
811  0
812  0
813  0
814  0
815  0
816  0
817  0
818  0
819  0
820  0
821  0
822  0
823  0
824  0
825  0
826  0
827  0
828  0
829  0
830  0
831  0
832  0
833  0
834  0
835  0
836  0
837  0
838  0
839  0
840  0
841  0
842  0
843  0
844  0
845  0
846  0
847  0
848  0
849  0
850  0
851  0
852  0
853  0
854  0
855  0
856  0
857  0
858  0
859  0
860  0
861  0
862  0
863  0
864  0
865  0
866  0
867  0
868  0
869  0
870  0
871  0
872  0
873  0
874  0
875  0
876  0
877  0
878  0
879  0
880  0
881  0
882  0
883  0
884  0
885  0
886  0
887  0
888  0
889  0
890  0
891  0
892  0
893  0
894  0
895  0
896  0
897  0
898  0
899  0
900  0
901  0
902  0
903  0
904  0
905  0
906  0
907  0
908  0
909  0
910  0
911  0
912  0
913  0
914  0
915  0
916  0
917  0
918  0
919  0
920  0
921  0
922  0
923  0
924  0
925  0
926  0
927  1
928  0
929  0
930  0
931  1
932  0
933  0
934  0
935  0
936  0
937  0
938  0
939  1
940  3
941  0
942  0
943  2
944  0
945  0
946  1
947  2
948  0
949  0
950  0
951  1
952  1
953  2
954  3
955  2
956  1
957  0
958  2
959  1
960  1
961  2
962  2
963  5
964  6
965  5
966  6
967  4
968  5
969  4
970  6
971  9
972  2
973  5
974  3
975  5
976  3
977  9
978  10
979  2
980  9
981  4
982  7
983  5
984  6
985  11
986  4
987  12
988  5
989  5
990  4
991  2
992  2
993  5
994  5
995  3
996  6
997  7
998  6
999  4
1000  11
1001  2
1002  6
1003  7
1004  5
1005  5
1006  11
1007  7
1008  0
1009  4
1010  8
1011  6
1012  5
1013  4
1014  6
1015  6
1016  5
1017  6
1018  5
1019  10
1020  2
1021  4
1022  7
1023  6
1024  3
1025  6
1026  4
1027  3
1028  6
1029  4
1030  1
1031  7
1032  10
1033  1
1034  3
1035  6
1036  6
1037  5
1038  5
1039  8
1040  7
1041  6
1042  9
1043  3
1044  6
1045  3
1046  5
1047  5
1048  1
1049  4
1050  3
1051  3
1052  8
1053  7
1054  10
1055  6
1056  5
1057  6
1058  9
1059  3
1060  4
1061  10
1062  6
1063  6
1064  5
1065  2
1066  5
1067  6
1068  5
1069  3
1070  7
1071  5
1072  4
1073  5
1074  6
1075  7
1076  6
1077  5
1078  5
1079  6
1080  8
1081  8
1082  8
1083  5
1084  4
1085  5
1086  8
1087  3
1088  4
1089  1
1090  5
1091  4
1092  5
1093  4
1094  2
1095  7
1096  4
1097  1
1098  3
1099  4
1100  2
1101  6
1102  5
1103  4
1104  6
1105  8
1106  4
1107  5
1108  3
1109  6
1110  6
1111  6
1112  5
1113  10
1114  6
1115  7
1116  8
1117  5
1118  6
1119  7
1120  5
1121  3
1122  5
1123  4
1124  6
1125  4
1126  6
1127  4
1128  10
1129  7
1130  2
1131  4
1132  3
1133  9
1134  4
1135  5
1136  7
1137  7
1138  5
1139  5
1140  7
1141  8
1142  6
1143  3
1144  11
1145  5
1146  5
1147  8
1148  5
1149  4
1150  7
1151  3
1152  6
1153  6
1154  5
1155  6
1156  9
1157  8
1158  3
1159  9
1160  7
1161  5
1162  7
1163  3
1164  1
1165  5
1166  6
1167  3
1168  6
1169  7
1170  3
1171  0
1172  7
1173  4
1174  7
1175  9
1176  9
1177  3
1178  7
1179  8
1180  7
1181  3
1182  7
1183  2
1184  5
1185  1
1186  3
1187  5
1188  2
1189  7
1190  5
1191  8
1192  4
1193  8
1194  4
1195  1
1196  3
1197  4
1198  10
1199  5
1200  3
1201  7
1202  9
1203  7
1204  6
1205  8
1206  12
1207  4
1208  5
1209  6
1210  5
1211  4
1212  4
1213  4
1214  3
1215  2
1216  6
1217  4
1218  5
1219  7
1220  3
1221  10
1222  6
1223  2
1224  3
1225  10
1226  3
1227  5
1228  4
1229  8
1230  4
1231  3
1232  8
1233  2
1234  1
1235  4
1236  7
1237  4
1238  8
1239  6
1240  3
1241  4
1242  6
1243  9
1244  6
1245  4
1246  3
1247  6
1248  9
1249  7
1250  6
1251  4
1252  4
1253  5
1254  2
1255  6
1256  3
1257  4
1258  8
1259  2
1260  6
1261  4
1262  2
1263  3
1264  4
1265  4
1266  4
1267  6
1268  3
1269  7
1270  5
1271  4
1272  4
1273  3
1274  5
1275  7
1276  5
1277  7
1278  6
1279  3
1280  5
1281  3
1282  3
1283  7
1284  4
1285  4
1286  7
1287  5
1288  5
1289  3
1290  3
1291  7
1292  8
1293  7
1294  2
1295  9
1296  4
1297  4
1298  6
1299  4
1300  9
1301  8
1302  5
1303  8
1304  5
1305  8
1306  8
1307  5
1308  8
1309  6
1310  3
1311  4
1312  3
1313  6
1314  4
1315  4
1316  9
1317  4
1318  3
1319  8
1320  5
1321  5
1322  9
1323  3
1324  6
1325  6
1326  8
1327  4
1328  5
1329  7
1330  7
1331  4
1332  3
1333  8
1334  6
1335  13
1336  5
1337  3
1338  1
1339  7
1340  2
1341  5
1342  7
1343  8
1344  4
1345  4
1346  4
1347  5
1348  4
1349  2
1350  7
1351  4
1352  4
1353  3
1354  3
1355  6
1356  6
1357  6
1358  6
1359  5
1360  6
1361  2
1362  4
1363  3
1364  3
1365  4
1366  6
1367  7
1368  8
1369  3
1370  5
1371  5
1372  5
1373  5
1374  5
1375  7
1376  6
1377  5
1378  9
1379  8
1380  5
1381  5
1382  6
1383  5
1384  5
1385  4
1386  5
1387  5
1388  7
1389  6
1390  1
1391  12
1392  9
1393  5
1394  5
1395  3
1396  6
1397  2
1398  4
1399  6
1400  4
1401  6
1402  1
1403  7
1404  2
1405  7
1406  7
1407  3
1408  6
1409  7
1410  5
1411  7
1412  6
1413  5
1414  4
1415  4
1416  5
1417  8
1418  6
1419  7
1420  7
1421  7
1422  6
1423  4
1424  7
1425  2
1426  12
1427  2
1428  3
1429  6
1430  3
1431  5
1432  3
1433  1
1434  6
1435  4
1436  3
1437  5
1438  7
1439  7
1440  10
1441  9
1442  4
1443  3
1444  4
1445  4
1446  10
1447  4
1448  7
1449  13
1450  5
1451  1
1452  6
1453  12
1454  7
1455  5
1456  5
1457  7
1458  9
1459  6
1460  10
1461  6
1462  5
1463  4
1464  5
1465  4
1466  3
1467  7
1468  4
1469  5
1470  3
1471  5
1472  8
1473  4
1474  1
1475  8
1476  1
1477  5
1478  3
1479  9
1480  5
1481  4
1482  7
1483  1
1484  6
1485  3
1486  5
1487  8
1488  7
1489  6
1490  7
1491  5
1492  8
1493  5
1494  4
1495  11
1496  4
1497  10
1498  4
1499  4
1500  9
1501  3
1502  6
1503  7
1504  4
1505  6
1506  6
1507  5
1508  9
1509  1
1510  3
1511  7
1512  5
1513  5
1514  6
1515  5
1516  5
1517  4
1518  3
1519  6
1520  5
1521  1
1522  10
1523  6
1524  6
1525  3
1526  3
1527  4
1528  2
1529  10
1530  9
1531  5
1532  7
1533  9
1534  6
1535  6
1536  2
1537  10
1538  4
1539  10
1540  10
1541  10
1542  9
1543  6
1544  4
1545  4
1546  6
1547  3
1548  5
1549  6
1550  5
1551  4
1552  10
1553  5
1554  3
1555  8
1556  6
1557  5
1558  3
1559  4
1560  6
1561  6
1562  3
1563  8
1564  5
1565  8
1566  9
1567  8
1568  5
1569  8
1570  8
1571  3
1572  6
1573  4
1574  9
1575  1
1576  6
1577  5
1578  8
1579  10
1580  3
1581  4
1582  5
1583  10
1584  5
1585  3
1586  10
1587  5
1588  5
1589  5
1590  6
1591  4
1592  7
1593  9
1594  6
1595  6
1596  3
1597  3
1598  3
1599  5
1600  5
1601  3
1602  5
1603  7
1604  5
1605  7
1606  9
1607  4
1608  4
1609  2
1610  2
1611  9
1612  5
1613  3
1614  10
1615  6
1616  2
1617  4
1618  4
1619  9
1620  5
1621  3
1622  7
1623  7
1624  4
1625  8
1626  8
1627  3
1628  3
1629  5
1630  4
1631  2
1632  9
1633  6
1634  4
1635  6
1636  5
1637  3
1638  6
1639  8
1640  4
1641  4
1642  5
1643  5
1644  3
1645  7
1646  4
1647  3
1648  1
1649  8
1650  6
1651  4
1652  8
1653  8
1654  12
1655  3
1656  4
1657  8
1658  5
1659  8
1660  3
1661  5
1662  3
1663  5
1664  6
1665  3
1666  6
1667  6
1668  7
1669  7
1670  4
1671  8
1672  7
1673  5
1674  9
1675  9
1676  7
1677  4
1678  1
1679  6
1680  4
1681  5
1682  10
1683  7
1684  4
1685  7
1686  9
1687  10
1688  10
1689  7
1690  4
1691  2
1692  5
1693  10
1694  2
1695  4
1696  7
1697  5
1698  4
1699  7
1700  4
1701  3
1702  6
1703  5
1704  3
1705  8
1706  7
1707  4
1708  7
1709  5
1710  4
1711  8
1712  8
1713  1
1714  5
1715  6
1716  5
1717  5
1718  8
1719  5
1720  4
1721  6
1722  8
1723  6
1724  5
1725  7
1726  6
1727  8
1728  7
1729  3
1730  9
1731  4
1732  5
1733  3
1734  5
1735  10
1736  4
1737  2
1738  6
1739  2
1740  10
1741  9
1742  4
1743  3
1744  3
1745  5
1746  6
1747  2
1748  6
1749  3
1750  6
1751  5
1752  4
1753  9
1754  3
1755  10
1756  6
1757  10
1758  5
1759  6
1760  7
1761  7
1762  4
1763  4
1764  8
1765  3
1766  5
1767  3
1768  8
1769  6
1770  8
1771  8
1772  6
1773  5
1774  6
1775  7
1776  9
1777  7
1778  1
1779  2
1780  4
1781  5
1782  11
1783  3
1784  10
1785  9
1786  3
1787  7
1788  5
1789  2
1790  2
1791  1
1792  6
1793  6
1794  3
1795  9
1796  7
1797  5
1798  6
1799  5
1800  3
1801  13
1802  9
1803  8
1804  5
1805  5
1806  7
1807  8
1808  3
1809  5
1810  1
1811  8
1812  8
1813  3
1814  7
1815  5
1816  10
1817  8
1818  1
1819  6
1820  2
1821  9
1822  17
1823  3
1824  6
1825  8
1826  6
1827  6
1828  11
1829  3
1830  3
1831  7
1832  6
1833  3
1834  10
1835  10
1836  5
1837  4
1838  6
1839  4
1840  7
1841  5
1842  5
1843  6
1844  6
1845  9
1846  5
1847  6
1848  6
1849  3
1850  6
1851  5
1852  6
1853  5
1854  5
1855  3
1856  5
1857  2
1858  8
1859  6
1860  3
1861  7
1862  6
1863  7
1864  4
1865  4
1866  3
1867  3
1868  3
1869  1
1870  7
1871  5
1872  8
1873  8
1874  9
1875  9
1876  7
1877  7
1878  6
1879  4
1880  8
1881  4
1882  7
1883  11
1884  9
1885  8
1886  4
1887  3
1888  6
1889  5
1890  4
1891  7
1892  9
1893  10
1894  8
1895  11
1896  10
1897  5
1898  6
1899  5
1900  8
1901  6
1902  7
1903  6
1904  10
1905  4
1906  10
1907  5
1908  6
1909  7
1910  5
1911  8
1912  7
1913  8
1914  9
1915  3
1916  9
1917  7
1918  9
1919  7
1920  6
1921  6
1922  6
1923  4
1924  3
1925  3
1926  8
1927  6
1928  7
1929  6
1930  6
1931  4
1932  7
1933  9
1934  6
1935  6
1936  5
1937  7
1938  4
1939  4
1940  4
1941  4
1942  6
1943  10
1944  8
1945  4
1946  7
1947  10
1948  3
1949  9
1950  5
1951  8
1952  7
1953  6
1954  5
1955  7
1956  3
1957  7
1958  9
1959  5
1960  5
1961  7
1962  5
1963  6
1964  5
1965  10
1966  3
1967  8
1968  11
1969  4
1970  7
1971  7
1972  8
1973  9
1974  7
1975  8
1976  10
1977  3
1978  5
1979  7
1980  7
1981  7
1982  6
1983  3
1984  2
1985  5
1986  5
1987  3
1988  9
1989  6
1990  2
1991  5
1992  6
1993  5
1994  3
1995  8
1996  6
1997  6
1998  3
1999  4
2000  10
2001  5
2002  5
2003  6
2004  3
2005  7
2006  7
2007  5
2008  6
2009  7
2010  7
2011  10
2012  8
2013  6
2014  5
2015  4
2016  5
2017  3
2018  4
2019  7
2020  9
2021  3
2022  7
2023  12
2024  11
2025  4
2026  5
2027  11
2028  5
2029  7
2030  9
2031  6
2032  6
2033  6
2034  11
2035  5
2036  5
2037  11
2038  8
2039  3
2040  5
2041  8
2042  3
2043  7
2044  5
2045  10
2046  5
2047  5
2048  6
2049  2
2050  5
2051  6
2052  7
2053  5
2054  7
2055  5
2056  3
2057  4
2058  10
2059  6
2060  11
2061  6
2062  7
2063  6
2064  1
2065  6
2066  6
2067  5
2068  4
2069  6
2070  5
2071  6
2072  4
2073  6
2074  8
2075  4
2076  11
2077  7
2078  2
2079  4
2080  7
2081  6
2082  11
2083  9
2084  8
2085  7
2086  6
2087  8
2088  7
2089  6
2090  5
2091  10
2092  12
2093  12
2094  11
2095  8
2096  8
2097  6
2098  12
2099  6
2100  3
2101  12
2102  6
2103  7
2104  5
2105  7
2106  6
2107  1
2108  9
2109  6
2110  5
2111  2
2112  3
2113  8
2114  7
2115  4
2116  7
2117  5
2118  5
2119  3
2120  8
2121  3
2122  3
2123  7
2124  10
2125  0
2126  7
2127  7
2128  11
2129  7
2130  10
2131  5
2132  6
2133  5
2134  8
2135  7
2136  9
2137  6
2138  6
2139  10
2140  4
2141  5
2142  7
2143  4
2144  9
2145  7
2146  4
2147  3
2148  7
2149  9
2150  5
2151  10
2152  5
2153  7
2154  7
2155  9
2156  7
2157  5
2158  7
2159  3
2160  10
2161  4
2162  8
2163  6
2164  8
2165  5
2166  6
2167  2
2168  6
2169  5
2170  2
2171  3
2172  3
2173  5
2174  3
2175  6
2176  0
2177  5
2178  7
2179  9
2180  2
2181  8
2182  8
2183  7
2184  9
2185  4
2186  6
2187  7
2188  7
2189  12
2190  11
2191  8
2192  4
2193  9
2194  5
2195  8
2196  6
2197  7
2198  2
2199  14
2200  6
2201  6
2202  9
2203  12
2204  7
2205  5
2206  5
2207  4
2208  8
2209  6
2210  4
2211  3
2212  6
2213  7
2214  5
2215  4
2216  8
2217  7
2218  4
2219  5
2220  7
2221  6
2222  6
2223  7
2224  5
2225  7
2226  5
2227  7
2228  5
2229  5
2230  6
2231  7
2232  5
2233  5
2234  6
2235  8
2236  8
2237  8
2238  6
2239  7
2240  5
2241  7
2242  7
2243  8
2244  4
2245  5
2246  3
2247  1
2248  5
2249  9
2250  5
2251  4
2252  4
2253  6
2254  7
2255  6
2256  9
2257  4
2258  2
2259  6
2260  5
2261  10
2262  8
2263  6
2264  5
2265  12
2266  12
2267  11
2268  4
2269  6
2270  3
2271  7
2272  3
2273  4
2274  6
2275  4
2276  9
2277  2
2278  3
2279  9
2280  8
2281  6
2282  8
2283  6
2284  11
2285  5
2286  7
2287  7
2288  5
2289  5
2290  9
2291  7
2292  6
2293  13
2294  8
2295  6
2296  5
2297  7
2298  5
2299  3
2300  4
2301  12
2302  7
2303  6
2304  8
2305  10
2306  3
2307  9
2308  5
2309  9
2310  8
2311  10
2312  4
2313  7
2314  4
2315  14
2316  4
2317  3
2318  5
2319  9
2320  8
2321  7
2322  9
2323  6
2324  10
2325  6
2326  9
2327  9
2328  3
2329  7
2330  7
2331  6
2332  8
2333  5
2334  9
2335  6
2336  1
2337  3
2338  11
2339  5
2340  3
2341  6
2342  4
2343  6
2344  5
2345  10
2346  9
2347  9
2348  8
2349  8
2350  8
2351  4
2352  5
2353  7
2354  6
2355  3
2356  10
2357  5
2358  4
2359  5
2360  6
2361  8
2362  4
2363  5
2364  7
2365  9
2366  6
2367  9
2368  7
2369  11
2370  9
2371  11
2372  9
2373  8
2374  6
2375  8
2376  8
2377  8
2378  7
2379  4
2380  3
2381  3
2382  5
2383  7
2384  5
2385  12
2386  6
2387  8
2388  6
2389  8
2390  8
2391  8
2392  2
2393  6
2394  5
2395  6
2396  3
2397  11
2398  6
2399  6
2400  3
2401  7
2402  10
2403  8
2404  6
2405  6
2406  9
2407  7
2408  8
2409  7
2410  9
2411  7
2412  4
2413  5
2414  7
2415  8
2416  7
2417  4
2418  12
2419  9
2420  7
2421  10
2422  4
2423  4
2424  8
2425  7
2426  7
2427  12
2428  8
2429  7
2430  4
2431  6
2432  8
2433  4
2434  8
2435  7
2436  6
2437  8
2438  10
2439  7
2440  7
2441  8
2442  5
2443  5
2444  8
2445  6
2446  8
2447  6
2448  2
2449  6
2450  6
2451  4
2452  4
2453  5
2454  12
2455  11
2456  8
2457  2
2458  5
2459  11
2460  7
2461  10
2462  8
2463  10
2464  8
2465  5
2466  8
2467  4
2468  4
2469  9
2470  5
2471  11
2472  6
2473  3
2474  9
2475  10
2476  8
2477  4
2478  5
2479  3
2480  12
2481  6
2482  6
2483  9
2484  5
2485  5
2486  11
2487  5
2488  12
2489  8
2490  11
2491  7
2492  6
2493  11
2494  5
2495  6
2496  1
2497  3
2498  4
2499  8
2500  6
2501  4
2502  8
2503  8
2504  9
2505  6
2506  6
2507  4
2508  8
2509  8
2510  11
2511  4
2512  8
2513  9
2514  9
2515  6
2516  11
2517  6
2518  5
2519  7
2520  6
2521  7
2522  4
2523  8
2524  7
2525  6
2526  5
2527  4
2528  8
2529  3
2530  4
2531  4
2532  9
2533  11
2534  4
2535  5
2536  8
2537  7
2538  7
2539  9
2540  4
2541  5
2542  6
2543  8
2544  11
2545  9
2546  12
2547  4
2548  5
2549  10
2550  8
2551  12
2552  7
2553  8
2554  7
2555  6
2556  5
2557  6
2558  6
2559  6
2560  8
2561  4
2562  7
2563  6
2564  11
2565  3
2566  8
2567  3
2568  6
2569  5
2570  11
2571  2
2572  3
2573  4
2574  5
2575  7
2576  6
2577  12
2578  5
2579  6
2580  7
2581  5
2582  7
2583  2
2584  7
2585  4
2586  6
2587  6
2588  8
2589  12
2590  4
2591  8
2592  7
2593  6
2594  5
2595  10
2596  8
2597  8
2598  12
2599  8
2600  5
2601  9
2602  4
2603  7
2604  5
2605  7
2606  4
2607  4
2608  6
2609  7
2610  5
2611  5
2612  4
2613  9
2614  7
2615  8
2616  7
2617  7
2618  5
2619  9
2620  6
2621  2
2622  7
2623  11
2624  8
2625  11
2626  7
2627  6
2628  10
2629  6
2630  6
2631  8
2632  3
2633  5
2634  7
2635  2
2636  5
2637  3
2638  6
2639  5
2640  7
2641  1
2642  6
2643  2
2644  6
2645  5
2646  6
2647  9
2648  4
2649  7
2650  8
2651  8
2652  8
2653  8
2654  6
2655  7
2656  4
2657  6
2658  8
2659  6
2660  2
2661  14
2662  8
2663  3
2664  6
2665  5
2666  6
2667  3
2668  10
2669  8
2670  2
2671  7
2672  7
2673  10
2674  12
2675  5
2676  4
2677  11
2678  10
2679  7
2680  9
2681  6
2682  6
2683  8
2684  6
2685  9
2686  9
2687  7
2688  8
2689  8
2690  3
2691  7
2692  5
2693  5
2694  6
2695  7
2696  7
2697  11
2698  4
2699  7
2700  3
2701  6
2702  7
2703  8
2704  8
2705  12
2706  6
2707  4
2708  3
2709  6
2710  8
2711  6
2712  12
2713  5
2714  2
2715  7
2716  7
2717  7
2718  7
2719  5
2720  4
2721  6
2722  7
2723  7
2724  10
2725  6
2726  13
2727  7
2728  7
2729  10
2730  5
2731  14
2732  8
2733  10
2734  5
2735  9
2736  13
2737  9
2738  10
2739  7
2740  8
2741  8
2742  8
2743  3
2744  8
2745  6
2746  6
2747  4
2748  11
2749  2
2750  6
2751  4
2752  6
2753  4
2754  9
2755  6
2756  4
2757  8
2758  9
2759  7
2760  7
2761  5
2762  8
2763  5
2764  11
2765  6
2766  11
2767  7
2768  11
2769  7
2770  10
2771  6
2772  7
2773  10
2774  9
2775  10
2776  5
2777  7
2778  11
2779  15
2780  7
2781  6
2782  10
2783  8
2784  6
2785  6
2786  5
2787  13
2788  7
2789  6
2790  8
2791  8
2792  6
2793  10
2794  9
2795  6
2796  9
2797  4
2798  11
2799  6
2800  11
2801  11
2802  7
2803  2
2804  9
2805  4
2806  9
2807  8
2808  6
2809  5
2810  7
2811  11
2812  9
2813  10
2814  4
2815  3
2816  4
2817  7
2818  8
2819  2
2820  11
2821  6
2822  9
2823  4
2824  12
2825  5
2826  9
2827  12
2828  11
2829  9
2830  12
2831  6
2832  6
2833  9
2834  7
2835  6
2836  4
2837  10
2838  10
2839  10
2840  9
2841  4
2842  10
2843  6
2844  11
2845  11
2846  3
2847  3
2848  6
2849  6
2850  7
2851  6
2852  9
2853  8
2854  11
2855  9
2856  11
2857  7
2858  9
2859  7
2860  6
2861  4
2862  11
2863  6
2864  6
2865  6
2866  9
2867  11
2868  12
2869  8
2870  6
2871  7
2872  14
2873  8
2874  8
2875  6
2876  4
2877  6
2878  9
2879  6
2880  6
2881  9
2882  4
2883  9
2884  9
2885  7
2886  3
2887  7
2888  7
2889  2
2890  7
2891  4
2892  10
2893  4
2894  7
2895  8
2896  8
2897  6
2898  5
2899  8
2900  5
2901  8
2902  13
2903  9
2904  7
2905  7
2906  8
2907  9
2908  9
2909  9
2910  11
2911  4
2912  6
2913  7
2914  8
2915  5
2916  4
2917  13
2918  8
2919  5
2920  7
2921  3
2922  5
2923  5
2924  6
2925  4
2926  11
2927  5
2928  4
2929  8
2930  6
2931  6
2932  13
2933  5
2934  6
2935  11
2936  7
2937  4
2938  6
2939  10
2940  12
2941  6
2942  7
2943  5
2944  7
2945  8
2946  13
2947  4
2948  6
2949  10
2950  8
2951  5
2952  10
2953  8
2954  12
2955  7
2956  3
2957  6
2958  7
2959  9
2960  7
2961  8
2962  11
2963  6
2964  5
2965  6
2966  11
2967  4
2968  9
2969  10
2970  9
2971  15
2972  7
2973  7
2974  6
2975  6
2976  9
2977  11
2978  8
2979  4
2980  6
2981  5
2982  7
2983  12
2984  10
2985  9
2986  12
2987  5
2988  5
2989  6
2990  6
2991  16
2992  7
2993  8
2994  7
2995  5
2996  7
2997  4
2998  3
2999  6
3000  9
3001  11
3002  9
3003  6
3004  7
3005  5
3006  5
3007  8
3008  7
3009  8
3010  7
3011  7
3012  11
3013  4
3014  5
3015  7
3016  7
3017  5
3018  9
3019  9
3020  6
3021  10
3022  6
3023  3
3024  7
3025  6
3026  8
3027  8
3028  7
3029  9
3030  5
3031  5
3032  9
3033  8
3034  9
3035  8
3036  9
3037  6
3038  4
3039  11
3040  9
3041  9
3042  9
3043  9
3044  8
3045  7
3046  11
3047  3
3048  14
3049  5
3050  9
3051  7
3052  9
3053  8
3054  8
3055  7
3056  9
3057  9
3058  6
3059  13
3060  10
3061  4
3062  8
3063  12
3064  8
3065  10
3066  7
3067  3
3068  7
3069  8
3070  6
3071  6
3072  8
3073  4
3074  9
3075  3
3076  10
3077  7
3078  4
3079  6
3080  8
3081  9
3082  6
3083  8
3084  3
3085  10
3086  6
3087  9
3088  5
3089  9
3090  7
3091  5
3092  3
3093  10
3094  7
3095  10
3096  7
3097  9
3098  6
3099  9
3100  11
3101  7
3102  5
3103  10
3104  5
3105  11
3106  7
3107  9
3108  7
3109  9
3110  6
3111  13
3112  5
3113  12
3114  7
3115  7
3116  4
3117  10
3118  10
3119  9
3120  10
3121  11
3122  5
3123  9
3124  7
3125  7
3126  8
3127  7
3128  9
3129  9
3130  6
3131  7
3132  5
3133  10
3134  8
3135  4
3136  10
3137  5
3138  10
3139  8
3140  10
3141  7
3142  10
3143  3
3144  13
3145  9
3146  9
3147  12
3148  6
3149  6
3150  6
3151  2
3152  8
3153  4
3154  7
3155  6
3156  8
3157  7
3158  11
3159  12
3160  10
3161  4
3162  7
3163  8
3164  4
3165  7
3166  6
3167  7
3168  13
3169  8
3170  8
3171  7
3172  12
3173  11
3174  6
3175  9
3176  5
3177  10
3178  14
3179  6
3180  6
3181  9
3182  10
3183  5
3184  6
3185  7
3186  7
3187  8
3188  7
3189  7
3190  6
3191  14
3192  7
3193  4
3194  8
3195  6
3196  12
3197  9
3198  9
3199  5
3200  9
3201  17
3202  8
3203  4
3204  11
3205  5
3206  8
3207  11
3208  6
3209  6
3210  10
3211  7
3212  10
3213  9
3214  3
3215  7
3216  8
3217  12
3218  12
3219  7
3220  5
3221  8
3222  9
3223  9
3224  5
3225  4
3226  7
3227  10
3228  8
3229  14
3230  10
3231  6
3232  8
3233  6
3234  9
3235  7
3236  5
3237  5
3238  7
3239  12
3240  9
3241  5
3242  5
3243  8
3244  7
3245  4
3246  4
3247  7
3248  9
3249  10
3250  4
3251  9
3252  7
3253  8
3254  5
3255  11
3256  11
3257  9
3258  7
3259  6
3260  10
3261  6
3262  12
3263  7
3264  8
3265  11
3266  8
3267  9
3268  10
3269  7
3270  7
3271  7
3272  12
3273  11
3274  5
3275  9
3276  10
3277  8
3278  7
3279  10
3280  7
3281  13
3282  7
3283  10
3284  13
3285  8
3286  15
3287  11
3288  9
3289  12
3290  8
3291  5
3292  2
3293  15
3294  8
3295  8
3296  6
3297  13
3298  4
3299  6
3300  9
3301  11
3302  5
3303  9
3304  9
3305  10
3306  4
3307  13
3308  7
3309  11
3310  4
3311  8
3312  2
3313  8
3314  8
3315  13
3316  11
3317  6
3318  6
3319  10
3320  12
3321  10
3322  7
3323  14
3324  6
3325  11
3326  7
3327  9
3328  14
3329  10
3330  9
3331  6
3332  13
3333  9
3334  9
3335  13
3336  10
3337  11
3338  15
3339  11
3340  14
3341  9
3342  9
3343  10
3344  13
3345  8
3346  7
3347  6
3348  12
3349  3
3350  5
3351  10
3352  10
3353  4
3354  9
3355  6
3356  7
3357  8
3358  10
3359  7
3360  5
3361  8
3362  12
3363  8
3364  3
3365  6
3366  9
3367  14
3368  8
3369  4
3370  11
3371  9
3372  9
3373  8
3374  6
3375  11
3376  10
3377  13
3378  5
3379  6
3380  9
3381  7
3382  11
3383  7
3384  8
3385  12
3386  6
3387  9
3388  9
3389  14
3390  7
3391  9
3392  12
3393  13
3394  11
3395  10
3396  8
3397  8
3398  13
3399  5
3400  7
3401  12
3402  10
3403  3
3404  10
3405  16
3406  4
3407  10
3408  15
3409  9
3410  7
3411  7
3412  8
3413  15
3414  9
3415  15
3416  10
3417  5
3418  7
3419  3
3420  9
3421  10
3422  10
3423  9
3424  10
3425  9
3426  3
3427  8
3428  11
3429  10
3430  13
3431  8
3432  5
3433  17
3434  14
3435  9
3436  8
3437  10
3438  10
3439  6
3440  7
3441  8
3442  16
3443  14
3444  5
3445  6
3446  5
3447  2
3448  10
3449  12
3450  8
3451  8
3452  9
3453  7
3454  11
3455  10
3456  4
3457  9
3458  6
3459  15
3460  7
3461  8
3462  8
3463  9
3464  10
3465  7
3466  5
3467  10
3468  8
3469  9
3470  11
3471  7
3472  7
3473  6
3474  8
3475  13
3476  11
3477  7
3478  9
3479  6
3480  8
3481  13
3482  14
3483  14
3484  8
3485  10
3486  7
3487  14
3488  12
3489  9
3490  10
3491  12
3492  10
3493  4
3494  4
3495  7
3496  10
3497  4
3498  8
3499  7
3500  11
3501  7
3502  6
3503  6
3504  13
3505  7
3506  16
3507  13
3508  5
3509  5
3510  10
3511  9
3512  8
3513  10
3514  9
3515  9
3516  11
3517  7
3518  6
3519  7
3520  10
3521  11
3522  14
3523  5
3524  11
3525  10
3526  9
3527  9
3528  9
3529  6
3530  7
3531  12
3532  11
3533  11
3534  12
3535  5
3536  11
3537  9
3538  6
3539  10
3540  7
3541  5
3542  8
3543  6
3544  12
3545  7
3546  9
3547  10
3548  6
3549  9
3550  11
3551  12
3552  8
3553  9
3554  8
3555  14
3556  4
3557  5
3558  16
3559  11
3560  16
3561  13
3562  12
3563  8
3564  8
3565  10
3566  12
3567  6
3568  11
3569  10
3570  11
3571  6
3572  10
3573  7
3574  12
3575  10
3576  6
3577  8
3578  8
3579  6
3580  5
3581  7
3582  6
3583  8
3584  6
3585  12
3586  9
3587  9
3588  6
3589  12
3590  9
3591  6
3592  7
3593  9
3594  8
3595  14
3596  10
3597  8
3598  15
3599  10
3600  9
3601  10
3602  12
3603  15
3604  8
3605  11
3606  13
3607  11
3608  8
3609  11
3610  8
3611  7
3612  9
3613  5
3614  14
3615  13
3616  10
3617  13
3618  12
3619  11
3620  9
3621  8
3622  10
3623  9
3624  12
3625  9
3626  16
3627  11
3628  8
3629  14
3630  6
3631  18
3632  10
3633  10
3634  7
3635  18
3636  5
3637  15
3638  8
3639  4
3640  15
3641  12
3642  11
3643  13
3644  7
3645  11
3646  15
3647  6
3648  11
3649  8
3650  10
3651  12
3652  7
3653  9
3654  11
3655  7
3656  3
3657  7
3658  9
3659  8
3660  9
3661  8
3662  9
3663  10
3664  12
3665  6
3666  6
3667  10
3668  8
3669  10
3670  9
3671  10
3672  7
3673  9
3674  10
3675  12
3676  7
3677  8
3678  8
3679  10
3680  11
3681  2
3682  6
3683  14
3684  11
3685  13
3686  12
3687  10
3688  12
3689  7
3690  10
3691  8
3692  10
3693  15
3694  11
3695  4
3696  12
3697  6
3698  15
3699  8
3700  7
3701  8
3702  14
3703  15
3704  6
3705  4
3706  5
3707  10
3708  10
3709  11
3710  9
3711  7
3712  12
3713  14
3714  9
3715  11
3716  3
3717  12
3718  9
3719  8
3720  10
3721  6
3722  7
3723  10
3724  8
3725  12
3726  15
3727  9
3728  11
3729  9
3730  12
3731  8
3732  5
3733  12
3734  9
3735  9
3736  20
3737  18
3738  4
3739  10
3740  8
3741  12
3742  12
3743  11
3744  15
3745  9
3746  4
3747  13
3748  15
3749  11
3750  13
3751  8
3752  13
3753  12
3754  11
3755  11
3756  9
3757  12
3758  11
3759  13
3760  11
3761  9
3762  9
3763  12
3764  13
3765  13
3766  16
3767  10
3768  11
3769  9
3770  12
3771  15
3772  11
3773  12
3774  7
3775  13
3776  5
3777  13
3778  7
3779  11
3780  6
3781  12
3782  10
3783  9
3784  12
3785  6
3786  10
3787  7
3788  9
3789  14
3790  8
3791  5
3792  6
3793  10
3794  17
3795  11
3796  10
3797  7
3798  6
3799  13
3800  14
3801  7
3802  9
3803  11
3804  11
3805  13
3806  6
3807  12
3808  7
3809  7
3810  7
3811  11
3812  8
3813  13
3814  11
3815  9
3816  11
3817  18
3818  9
3819  5
3820  16
3821  13
3822  10
3823  14
3824  14
3825  10
3826  14
3827  13
3828  12
3829  12
3830  16
3831  15
3832  11
3833  11
3834  10
3835  8
3836  10
3837  8
3838  15
3839  10
3840  5
3841  11
3842  8
3843  12
3844  9
3845  11
3846  14
3847  2
3848  11
3849  9
3850  7
3851  14
3852  13
3853  4
3854  7
3855  14
3856  9
3857  8
3858  8
3859  13
3860  10
3861  10
3862  10
3863  14
3864  18
3865  10
3866  17
3867  15
3868  13
3869  20
3870  17
3871  11
3872  9
3873  17
3874  10
3875  7
3876  11
3877  15
3878  9
3879  10
3880  5
3881  13
3882  8
3883  8
3884  12
3885  13
3886  9
3887  16
3888  9
3889  14
3890  9
3891  15
3892  16
3893  16
3894  16
3895  14
3896  8
3897  18
3898  12
3899  12
3900  8
3901  15
3902  9
3903  13
3904  17
3905  9
3906  11
3907  14
3908  14
3909  8
3910  8
3911  13
3912  13
3913  11
3914  12
3915  15
3916  12
3917  16
3918  13
3919  13
3920  11
3921  13
3922  15
3923  14
3924  9
3925  15
3926  18
3927  8
3928  7
3929  18
3930  13
3931  12
3932  13
3933  17
3934  10
3935  12
3936  17
3937  8
3938  10
3939  8
3940  16
3941  11
3942  10
3943  17
3944  16
3945  15
3946  12
3947  16
3948  17
3949  7
3950  9
3951  15
3952  11
3953  11
3954  11
3955  13
3956  10
3957  11
3958  13
3959  5
3960  9
3961  11
3962  15
3963  7
3964  18
3965  20
3966  9
3967  12
3968  21
3969  7
3970  14
3971  18
3972  19
3973  11
3974  16
3975  14
3976  11
3977  14
3978  18
3979  12
3980  17
3981  15
3982  10
3983  20
3984  11
3985  14
3986  15
3987  10
3988  15
3989  10
3990  14
3991  22
3992  9
3993  18
3994  14
3995  14
3996  15
3997  18
3998  15
3999  10
4000  8
4001  12
4002  6
4003  10
4004  14
4005  10
4006  12
4007  9
4008  13
4009  16
4010  14
4011  10
4012  13
4013  17
4014  17
4015  17
4016  6
4017  16
4018  10
4019  9
4020  13
4021  18
4022  19
4023  19
4024  8
4025  22
4026  14
4027  16
4028  14
4029  15
4030  10
4031  13
4032  19
4033  11
4034  11
4035  19
4036  15
4037  11
4038  12
4039  18
4040  16
4041  8
4042  10
4043  11
4044  7
4045  10
4046  13
4047  11
4048  11
4049  18
4050  15
4051  9
4052  11
4053  7
4054  11
4055  17
4056  13
4057  14
4058  24
4059  11
4060  14
4061  10
4062  12
4063  13
4064  11
4065  17
4066  8
4067  11
4068  16
4069  10
4070  10
4071  13
4072  14
4073  18
4074  15
4075  11
4076  11
4077  19
4078  18
4079  18
4080  11
4081  21
4082  9
4083  17
4084  17
4085  21
4086  20
4087  10
4088  14
4089  19
4090  11
4091  16
4092  14
4093  12
4094  16
4095  15
4096  16
4097  14
4098  14
4099  6
4100  20
4101  16
4102  22
4103  15
4104  13
4105  14
4106  11
4107  11
4108  18
4109  15
4110  8
4111  17
4112  10
4113  23
4114  8
4115  14
4116  20
4117  28
4118  11
4119  18
4120  15
4121  18
4122  15
4123  15
4124  21
4125  20
4126  20
4127  13
4128  14
4129  19
4130  10
4131  13
4132  14
4133  21
4134  21
4135  19
4136  15
4137  16
4138  18
4139  9
4140  8
4141  24
4142  21
4143  17
4144  16
4145  13
4146  18
4147  9
4148  23
4149  13
4150  19
4151  16
4152  19
4153  19
4154  15
4155  15
4156  16
4157  13
4158  19
4159  11
4160  14
4161  16
4162  12
4163  15
4164  16
4165  21
4166  11
4167  18
4168  9
4169  12
4170  13
4171  21
4172  15
4173  11
4174  12
4175  25
4176  15
4177  9
4178  12
4179  13
4180  16
4181  17
4182  17
4183  14
4184  17
4185  14
4186  10
4187  21
4188  21
4189  14
4190  17
4191  16
4192  14
4193  23
4194  19
4195  13
4196  14
4197  13
4198  17
4199  15
4200  10
4201  21
4202  15
4203  25
4204  18
4205  14
4206  27
4207  25
4208  24
4209  8
4210  17
4211  16
4212  16
4213  17
4214  15
4215  15
4216  15
4217  15
4218  20
4219  12
4220  21
4221  21
4222  26
4223  14
4224  16
4225  17
4226  19
4227  17
4228  20
4229  13
4230  15
4231  16
4232  16
4233  9
4234  18
4235  23
4236  22
4237  13
4238  18
4239  17
4240  17
4241  19
4242  16
4243  20
4244  15
4245  15
4246  17
4247  19
4248  28
4249  17
4250  18
4251  29
4252  12
4253  19
4254  14
4255  19
4256  17
4257  14
4258  17
4259  23
4260  21
4261  22
4262  20
4263  15
4264  19
4265  16
4266  13
4267  31
4268  28
4269  15
4270  13
4271  19
4272  19
4273  28
4274  16
4275  15
4276  13
4277  21
4278  19
4279  14
4280  18
4281  24
4282  16
4283  11
4284  19
4285  13
4286  14
4287  24
4288  22
4289  17
4290  27
4291  25
4292  22
4293  21
4294  24
4295  25
4296  23
4297  15
4298  23
4299  27
4300  27
4301  20
4302  22
4303  19
4304  18
4305  20
4306  26
4307  24
4308  15
4309  18
4310  21
4311  18
4312  25
4313  25
4314  17
4315  10
4316  16
4317  22
4318  22
4319  21
4320  18
4321  19
4322  19
4323  22
4324  28
4325  26
4326  17
4327  25
4328  23
4329  17
4330  17
4331  20
4332  27
4333  14
4334  18
4335  18
4336  18
4337  19
4338  19
4339  29
4340  18
4341  19
4342  18
4343  11
4344  21
4345  35
4346  17
4347  24
4348  21
4349  21
4350  23
4351  19
4352  19
4353  17
4354  19
4355  23
4356  21
4357  22
4358  20
4359  17
4360  19
4361  27
4362  19
4363  22
4364  26
4365  28
4366  26
4367  20
4368  15
4369  26
4370  17
4371  23
4372  19
4373  31
4374  28
4375  22
4376  25
4377  25
4378  30
4379  20
4380  27
4381  27
4382  16
4383  27
4384  28
4385  19
4386  19
4387  22
4388  27
4389  22
4390  23
4391  21
4392  23
4393  36
4394  18
4395  22
4396  25
4397  13
4398  26
4399  28
4400  24
4401  23
4402  23
4403  22
4404  28
4405  22
4406  27
4407  16
4408  24
4409  14
4410  12
4411  30
4412  34
4413  19
4414  28
4415  34
4416  27
4417  29
4418  18
4419  19
4420  31
4421  32
4422  19
4423  27
4424  20
4425  33
4426  18
4427  20
4428  20
4429  24
4430  17
4431  27
4432  25
4433  33
4434  17
4435  22
4436  23
4437  29
4438  22
4439  20
4440  21
4441  25
4442  27
4443  27
4444  24
4445  28
4446  29
4447  21
4448  33
4449  28
4450  29
4451  18
4452  43
4453  31
4454  22
4455  34
4456  20
4457  25
4458  24
4459  36
4460  27
4461  37
4462  20
4463  33
4464  27
4465  35
4466  27
4467  29
4468  27
4469  27
4470  30
4471  26
4472  27
4473  27
4474  26
4475  24
4476  32
4477  27
4478  33
4479  43
4480  29
4481  34
4482  31
4483  21
4484  25
4485  32
4486  33
4487  41
4488  32
4489  29
4490  28
4491  28
4492  40
4493  26
4494  18
4495  25
4496  24
4497  39
4498  25
4499  38
4500  24
4501  34
4502  36
4503  32
4504  28
4505  29
4506  28
4507  28
4508  30
4509  37
4510  38
4511  41
4512  24
4513  27
4514  25
4515  40
4516  34
4517  37
4518  31
4519  30
4520  29
4521  36
4522  37
4523  25
4524  28
4525  42
4526  26
4527  29
4528  35
4529  30
4530  39
4531  33
4532  30
4533  34
4534  28
4535  27
4536  35
4537  33
4538  24
4539  31
4540  30
4541  20
4542  40
4543  34
4544  30
4545  25
4546  21
4547  30
4548  35
4549  28
4550  33
4551  25
4552  27
4553  31
4554  38
4555  31
4556  21
4557  32
4558  39
4559  36
4560  40
4561  36
4562  45
4563  42
4564  29
4565  32
4566  38
4567  33
4568  34
4569  30
4570  40
4571  31
4572  40
4573  35
4574  36
4575  44
4576  16
4577  40
4578  36
4579  32
4580  41
4581  36
4582  38
4583  44
4584  26
4585  32
4586  35
4587  30
4588  32
4589  42
4590  38
4591  37
4592  28
4593  26
4594  33
4595  36
4596  40
4597  31
4598  35
4599  31
4600  34
4601  36
4602  28
4603  29
4604  26
4605  37
4606  46
4607  39
4608  40
4609  29
4610  27
4611  31
4612  25
4613  35
4614  40
4615  30
4616  36
4617  40
4618  31
4619  43
4620  41
4621  31
4622  40
4623  26
4624  40
4625  45
4626  29
4627  38
4628  34
4629  34
4630  42
4631  29
4632  38
4633  36
4634  49
4635  30
4636  42
4637  31
4638  39
4639  36
4640  38
4641  32
4642  45
4643  38
4644  33
4645  33
4646  34
4647  27
4648  37
4649  35
4650  35
4651  42
4652  37
4653  30
4654  47
4655  33
4656  36
4657  36
4658  41
4659  43
4660  42
4661  32
4662  34
4663  34
4664  45
4665  42
4666  29
4667  44
4668  35
4669  34
4670  38
4671  34
4672  39
4673  37
4674  32
4675  32
4676  31
4677  29
4678  36
4679  41
4680  29
4681  37
4682  34
4683  32
4684  24
4685  34
4686  31
4687  36
4688  27
4689  23
4690  32
4691  25
4692  35
4693  30
4694  36
4695  42
4696  36
4697  41
4698  42
4699  32
4700  25
4701  48
4702  40
4703  39
4704  50
4705  32
4706  45
4707  26
4708  39
4709  36
4710  35
4711  41
4712  35
4713  44
4714  41
4715  38
4716  31
4717  34
4718  24
4719  33
4720  34
4721  42
4722  25
4723  33
4724  23
4725  28
4726  47
4727  37
4728  29
4729  31
4730  29
4731  31
4732  32
4733  31
4734  27
4735  37
4736  41
4737  39
4738  43
4739  34
4740  52
4741  38
4742  43
4743  34
4744  47
4745  29
4746  32
4747  33
4748  43
4749  41
4750  36
4751  29
4752  37
4753  35
4754  39
4755  39
4756  43
4757  40
4758  31
4759  43
4760  33
4761  35
4762  42
4763  39
4764  39
4765  32
4766  37
4767  40
4768  28
4769  36
4770  39
4771  29
4772  28
4773  33
4774  46
4775  36
4776  37
4777  31
4778  32
4779  43
4780  38
4781  30
4782  46
4783  33
4784  38
4785  37
4786  29
4787  29
4788  41
4789  35
4790  42
4791  38
4792  33
4793  34
4794  38
4795  42
4796  30
4797  37
4798  55
4799  44
4800  38
4801  34
4802  50
4803  33
4804  31
4805  52
4806  32
4807  37
4808  44
4809  32
4810  37
4811  46
4812  36
4813  32
4814  27
4815  26
4816  34
4817  30
4818  33
4819  45
4820  34
4821  38
4822  37
4823  27
4824  43
4825  41
4826  35
4827  29
4828  40
4829  46
4830  35
4831  38
4832  31
4833  29
4834  38
4835  35
4836  33
4837  44
4838  35
4839  33
4840  35
4841  33
4842  30
4843  44
4844  38
4845  39
4846  33
4847  39
4848  31
4849  36
4850  31
4851  42
4852  37
4853  38
4854  40
4855  39
4856  38
4857  44
4858  35
4859  26
4860  32
4861  31
4862  27
4863  42
4864  31
4865  37
4866  42
4867  32
4868  36
4869  32
4870  35
4871  33
4872  26
4873  45
4874  32
4875  39
4876  33
4877  47
4878  37
4879  43
4880  35
4881  44
4882  34
4883  35
4884  30
4885  34
4886  43
4887  36
4888  36
4889  34
4890  27
4891  41
4892  45
4893  37
4894  35
4895  31
4896  35
4897  32
4898  45
4899  39
4900  27
4901  44
4902  39
4903  45
4904  38
4905  41
4906  36
4907  39
4908  34
4909  46
4910  36
4911  45
4912  42
4913  30
4914  38
4915  39
4916  40
4917  37
4918  42
4919  47
4920  41
4921  30
4922  36
4923  40
4924  44
4925  33
4926  31
4927  40
4928  40
4929  40
4930  42
4931  35
4932  43
4933  37
4934  37
4935  47
4936  27
4937  44
4938  50
4939  40
4940  36
4941  41
4942  27
4943  43
4944  42
4945  43
4946  43
4947  49
4948  37
4949  47
4950  39
4951  48
4952  32
4953  44
4954  34
4955  38
4956  53
4957  46
4958  48
4959  48
4960  39
4961  42
4962  35
4963  56
4964  36
4965  45
4966  40
4967  48
4968  58
4969  53
4970  34
4971  45
4972  45
4973  41
4974  36
4975  53
4976  43
4977  46
4978  32
4979  44
4980  40
4981  40
4982  58
4983  45
4984  48
4985  45
4986  33
4987  34
4988  47
4989  44
4990  50
4991  41
4992  33
4993  36
4994  47
4995  37
4996  35
4997  42
4998  47
4999  46
5000  30
5001  43
5002  25
5003  47
5004  34
5005  40
5006  45
5007  33
5008  35
5009  40
5010  39
5011  41
5012  33
5013  48
5014  55
5015  46
5016  34
5017  39
5018  45
5019  41
5020  51
5021  40
5022  43
5023  39
5024  41
5025  53
5026  40
5027  38
5028  49
5029  36
5030  47
5031  36
5032  47
5033  49
5034  32
5035  45
5036  47
5037  54
5038  48
5039  50
5040  43
5041  61
5042  37
5043  45
5044  46
5045  34
5046  48
5047  43
5048  40
5049  42
5050  36
5051  42
5052  59
5053  29
5054  34
5055  43
5056  41
5057  35
5058  32
5059  36
5060  32
5061  32
5062  49
5063  33
5064  37
5065  43
5066  56
5067  45
5068  37
5069  36
5070  28
5071  47
5072  61
5073  54
5074  34
5075  52
5076  44
5077  34
5078  51
5079  45
5080  37
5081  32
5082  46
5083  43
5084  44
5085  48
5086  49
5087  46
5088  44
5089  45
5090  32
5091  38
5092  34
5093  42
5094  46
5095  43
5096  35
5097  39
5098  55
5099  36
5100  38
5101  52
5102  41
5103  49
5104  42
5105  51
5106  44
5107  46
5108  43
5109  45
5110  52
5111  47
5112  32
5113  40
5114  41
5115  43
5116  42
5117  54
5118  46
5119  40
5120  57
5121  47
5122  57
5123  46
5124  49
5125  43
5126  46
5127  42
5128  37
5129  40
5130  49
5131  66
5132  46
5133  44
5134  42
5135  55
5136  57
5137  48
5138  47
5139  60
5140  45
5141  45
5142  60
5143  52
5144  34
5145  41
5146  55
5147  57
5148  48
5149  50
5150  42
5151  52
5152  50
5153  35
5154  53
5155  48
5156  44
5157  54
5158  47
5159  54
5160  38
5161  41
5162  54
5163  50
5164  48
5165  38
5166  46
5167  52
5168  46
5169  55
5170  45
5171  54
5172  42
5173  53
5174  53
5175  56
5176  39
5177  42
5178  40
5179  48
5180  48
5181  42
5182  51
5183  55
5184  54
5185  57
5186  45
5187  64
5188  42
5189  53
5190  43
5191  51
5192  52
5193  43
5194  63
5195  51
5196  59
5197  47
5198  54
5199  46
5200  51
5201  62
5202  55
5203  41
5204  55
5205  55
5206  54
5207  62
5208  61
5209  52
5210  41
5211  53
5212  57
5213  63
5214  62
5215  52
5216  55
5217  49
5218  43
5219  60
5220  63
5221  66
5222  65
5223  50
5224  39
5225  54
5226  54
5227  66
5228  58
5229  59
5230  63
5231  62
5232  60
5233  58
5234  53
5235  62
5236  59
5237  60
5238  49
5239  61
5240  48
5241  56
5242  51
5243  59
5244  65
5245  70
5246  73
5247  53
5248  60
5249  73
5250  74
5251  48
5252  73
5253  58
5254  51
5255  71
5256  52
5257  59
5258  70
5259  56
5260  70
5261  67
5262  63
5263  62
5264  84
5265  68
5266  52
5267  62
5268  88
5269  70
5270  66
5271  62
5272  66
5273  79
5274  70
5275  77
5276  77
5277  72
5278  63
5279  86
5280  75
5281  74
5282  78
5283  70
5284  74
5285  74
5286  88
5287  72
5288  59
5289  74
5290  71
5291  82
5292  64
5293  71
5294  74
5295  75
5296  84
5297  66
5298  78
5299  64
5300  63
5301  68
5302  63
5303  81
5304  66
5305  68
5306  82
5307  69
5308  68
5309  75
5310  66
5311  83
5312  76
5313  73
5314  60
5315  64
5316  69
5317  66
5318  74
5319  56
5320  70
5321  66
5322  84
5323  74
5324  60
5325  67
5326  70
5327  77
5328  74
5329  79
5330  73
5331  64
5332  77
5333  72
5334  73
5335  73
5336  76
5337  87
5338  84
5339  72
5340  64
5341  79
5342  75
5343  87
5344  73
5345  58
5346  79
5347  55
5348  63
5349  85
5350  55
5351  70
5352  66
5353  63
5354  73
5355  60
5356  60
5357  73
5358  65
5359  70
5360  57
5361  67
5362  62
5363  71
5364  64
5365  60
5366  75
5367  75
5368  60
5369  67
5370  60
5371  63
5372  68
5373  69
5374  67
5375  72
5376  71
5377  80
5378  73
5379  58
5380  81
5381  64
5382  71
5383  56
5384  68
5385  78
5386  69
5387  74
5388  64
5389  73
5390  64
5391  73
5392  75
5393  71
5394  68
5395  67
5396  87
5397  55
5398  61
5399  72
5400  60
5401  54
5402  62
5403  68
5404  67
5405  72
5406  73
5407  70
5408  76
5409  59
5410  66
5411  71
5412  75
5413  63
5414  66
5415  62
5416  75
5417  61
5418  62
5419  71
5420  77
5421  75
5422  61
5423  71
5424  62
5425  63
5426  71
5427  68
5428  75
5429  61
5430  71
5431  49
5432  64
5433  73
5434  89
5435  83
5436  57
5437  70
5438  70
5439  68
5440  57
5441  72
5442  71
5443  73
5444  60
5445  69
5446  42
5447  70
5448  71
5449  63
5450  57
5451  71
5452  73
5453  62
5454  73
5455  71
5456  82
5457  65
5458  85
5459  62
5460  67
5461  64
5462  81
5463  67
5464  77
5465  78
5466  67
5467  85
5468  70
5469  80
5470  58
5471  88
5472  68
5473  74
5474  75
5475  84
5476  71
5477  72
5478  77
5479  65
5480  60
5481  80
5482  86
5483  85
5484  83
5485  70
5486  78
5487  73
5488  61
5489  83
5490  82
5491  69
5492  72
5493  52
5494  82
5495  61
5496  75
5497  78
5498  81
5499  76
5500  95
5501  79
5502  67
5503  88
5504  79
5505  88
5506  75
5507  59
5508  86
5509  93
5510  80
5511  77
5512  71
5513  79
5514  81
5515  76
5516  82
5517  69
5518  74
5519  73
5520  70
5521  78
5522  75
5523  99
5524  84
5525  72
5526  66
5527  82
5528  77
5529  61
5530  87
5531  70
5532  76
5533  81
5534  82
5535  81
5536  81
5537  69
5538  72
5539  79
5540  74
5541  71
5542  76
5543  75
5544  73
5545  74
5546  77
5547  93
5548  79
5549  76
5550  69
5551  70
5552  83
5553  79
5554  80
5555  87
5556  76
5557  91
5558  105
5559  77
5560  83
5561  76
5562  87
5563  70
5564  89
5565  76
5566  85
5567  77
5568  80
5569  92
5570  88
5571  90
5572  86
5573  99
5574  90
5575  105
5576  84
5577  83
5578  108
5579  92
5580  81
5581  79
5582  81
5583  98
5584  93
5585  72
5586  78
5587  91
5588  100
5589  88
5590  101
5591  92
5592  96
5593  102
5594  78
5595  94
5596  100
5597  93
5598  95
5599  97
5600  107
5601  106
5602  85
5603  93
5604  79
5605  107
5606  83
5607  91
5608  99
5609  79
5610  94
5611  99
5612  110
5613  99
5614  101
5615  113
5616  102
5617  75
5618  94
5619  109
5620  100
5621  104
5622  97
5623  98
5624  117
5625  93
5626  111
5627  107
5628  123
5629  109
5630  105
5631  124
5632  101
5633  110
5634  133
5635  118
5636  119
5637  99
5638  119
5639  125
5640  114
5641  99
5642  128
5643  112
5644  90
5645  135
5646  125
5647  141
5648  138
5649  131
5650  137
5651  125
5652  125
5653  125
5654  138
5655  147
5656  147
5657  141
5658  137
5659  157
5660  150
5661  132
5662  163
5663  128
5664  147
5665  169
5666  187
5667  150
5668  152
5669  174
5670  172
5671  163
5672  167
5673  176
5674  159
5675  180
5676  181
5677  188
5678  206
5679  216
5680  177
5681  174
5682  209
5683  210
5684  194
5685  229
5686  243
5687  271
5688  234
5689  205
5690  225
5691  242
5692  255
5693  270
5694  279
5695  274
5696  298
5697  291
5698  262
5699  303
5700  294
5701  314
5702  321
5703  344
5704  359
5705  374
5706  378
5707  385
5708  393
5709  423
5710  411
5711  452
5712  441
5713  493
5714  513
5715  506
5716  526
5717  577
5718  564
5719  571
5720  616
5721  618
5722  655
5723  719
5724  706
5725  699
5726  737
5727  772
5728  773
5729  836
5730  819
5731  803
5732  821
5733  830
5734  832
5735  860
5736  872
5737  917
5738  904
5739  906
5740  924
5741  940
5742  929
5743  981
5744  962
5745  982
5746  961
5747  1072
5748  1024
5749  1134
5750  1115
5751  1093
5752  1159
5753  1260
5754  1286
5755  1339
5756  1392
5757  1398
5758  1479
5759  1562
5760  1594
5761  1770
5762  1911
5763  1953
5764  2062
5765  2216
5766  2325
5767  2460
5768  2562
5769  2754
5770  2937
5771  3054
5772  3127
5773  3472
5774  3513
5775  3724
5776  3883
5777  3999
5778  4154
5779  4355
5780  4430
5781  4688
5782  4875
5783  5037
5784  4975
5785  5242
5786  5359
5787  5360
5788  5495
5789  5696
5790  5690
5791  5779
5792  5838
5793  5994
5794  5936
5795  5974
5796  6063
5797  6295
5798  6171
5799  6400
5800  6381
5801  6514
5802  6640
5803  6745
5804  6877
5805  7040
5806  7381
5807  7633
5808  7980
5809  7961
5810  8489
5811  8753
5812  9321
5813  9544
5814  9990
5815  10418
5816  11041
5817  11535
5818  12130
5819  12369
5820  13114
5821  13483
5822  14121
5823  14542
5824  14859
5825  15482
5826  15726
5827  16102
5828  16089
5829  16262
5830  16486
5831  16417
5832  16519
5833  16493
5834  16097
5835  15808
5836  15209
5837  14872
5838  14225
5839  13566
5840  12810
5841  12234
5842  11439
5843  10668
5844  9778
5845  9203
5846  8177
5847  7325
5848  6582
5849  5947
5850  5377
5851  4556
5852  4088
5853  3553
5854  3061
5855  2647
5856  2201
5857  1819
5858  1641
5859  1344
5860  1090
5861  882
5862  837
5863  613
5864  588
5865  447
5866  394
5867  339
5868  256
5869  244
5870  163
5871  169
5872  166
5873  144
5874  119
5875  106
5876  116
5877  105
5878  105
5879  103
5880  78
5881  77
5882  88
5883  96
5884  78
5885  89
5886  79
5887  82
5888  58
5889  79
5890  67
5891  83
5892  76
5893  92
5894  77
5895  69
5896  76
5897  63
5898  63
5899  69
5900  58
5901  54
5902  57
5903  56
5904  64
5905  38
5906  42
5907  36
5908  26
5909  34
5910  30
5911  21
5912  14
5913  23
5914  21
5915  15
5916  12
5917  4
5918  6
5919  8
5920  3
5921  4
5922  5
5923  4
5924  2
5925  5
5926  3
5927  0
5928  0
5929  0
5930  1
5931  0
5932  0
5933  0
5934  0
5935  0
5936  0
5937  0
5938  0
5939  0
5940  0
5941  0
5942  0
5943  0
5944  0
5945  0
5946  0
5947  0
5948  0
5949  0
5950  0
5951  0
5952  0
5953  0
5954  0
5955  0
5956  0
5957  0
5958  0
5959  0
5960  0
5961  0
5962  0
5963  0
5964  0
5965  0
5966  0
5967  0
5968  0
5969  0
5970  0
5971  0
5972  0
5973  0
5974  0
5975  0
5976  0
5977  0
5978  0
5979  0
5980  0
5981  0
5982  0
5983  0
5984  0
5985  0
5986  0
5987  0
5988  0
5989  0
5990  0
5991  0
5992  0
5993  0
5994  0
5995  0
5996  0
5997  0
5998  0
5999  0
6000  0
6001  0
6002  0
6003  0
6004  0
6005  0
6006  0
6007  0
6008  0
6009  0
6010  0
6011  0
6012  0
6013  0
6014  0
6015  0
6016  0
6017  0
6018  0
6019  0
6020  0
6021  0
6022  0
6023  0
6024  0
6025  0
6026  0
6027  0
6028  0
6029  0
6030  0
6031  0
6032  0
6033  0
6034  0
6035  0
6036  0
6037  0
6038  0
6039  0
6040  0
6041  0
6042  0
6043  0
6044  0
6045  0
6046  0
6047  0
6048  0
6049  0
6050  0
6051  0
6052  0
6053  0
6054  0
6055  0
6056  0
6057  0
6058  0
6059  0
6060  0
6061  0
6062  0
6063  0
6064  0
6065  0
6066  0
6067  0
6068  0
6069  0
6070  0
6071  0
6072  0
6073  0
6074  0
6075  0
6076  0
6077  0
6078  0
6079  0
6080  0
6081  0
6082  0
6083  0
6084  0
6085  0
6086  0
6087  0
6088  0
6089  0
6090  0
6091  0
6092  0
6093  0
6094  0
6095  0
6096  0
6097  0
6098  0
6099  0
6100  0
6101  0
6102  0
6103  0
6104  0
6105  0
6106  0
6107  0
6108  1
6109  0
6110  0
6111  0
6112  0
6113  0
6114  0
6115  0
6116  0
6117  0
6118  0
6119  0
6120  0
6121  0
6122  0
6123  0
6124  0
6125  0
6126  0
6127  0
6128  0
6129  0
6130  0
6131  0
6132  0
6133  0
6134  0
6135  0
6136  0
6137  0
6138  0
6139  0
6140  0
6141  0
6142  0
6143  0
6144  0
6145  0
6146  0
6147  0
6148  0
6149  0
6150  0
6151  0
6152  0
6153  0
6154  0
6155  0
6156  0
6157  0
6158  0
6159  0
6160  0
6161  0
6162  0
6163  0
6164  0
6165  0
6166  0
6167  0
6168  0
6169  0
6170  0
6171  0
6172  0
6173  0
6174  0
6175  0
6176  0
6177  0
6178  0
6179  0
6180  0
6181  0
6182  0
6183  0
6184  0
6185  0
6186  0
6187  0
6188  0
6189  0
6190  0
6191  0
6192  0
6193  0
6194  0
6195  0
6196  0
6197  0
6198  0
6199  0
6200  0
6201  0
6202  0
6203  0
6204  0
6205  0
6206  0
6207  0
6208  0
6209  0
6210  0
6211  0
6212  0
6213  0
6214  0
6215  0
6216  0
6217  0
6218  0
6219  0
6220  0
6221  0
6222  0
6223  0
6224  0
6225  0
6226  0
6227  0
6228  0
6229  0
6230  0
6231  0
6232  0
6233  0
6234  0
6235  0
6236  0
6237  0
6238  0
6239  0
6240  0
6241  0
6242  0
6243  0
6244  0
6245  0
6246  0
6247  0
6248  0
6249  0
6250  0
6251  0
6252  0
6253  0
6254  0
6255  0
6256  0
6257  0
6258  0
6259  0
6260  0
6261  0
6262  0
6263  0
6264  0
6265  0
6266  0
6267  0
6268  0
6269  0
6270  0
6271  0
6272  0
6273  0
6274  0
6275  0
6276  0
6277  0
6278  0
6279  0
6280  0
6281  0
6282  0
6283  0
6284  0
6285  0
6286  0
6287  0
6288  0
6289  0
6290  0
6291  0
6292  0
6293  0
6294  0
6295  0
6296  0
6297  0
6298  0
6299  0
6300  0
6301  0
6302  0
6303  0
6304  0
6305  0
6306  0
6307  0
6308  0
6309  0
6310  0
6311  0
6312  0
6313  0
6314  0
6315  0
6316  0
6317  0
6318  0
6319  0
6320  0
6321  0
6322  0
6323  0
6324  0
6325  0
6326  0
6327  0
6328  0
6329  0
6330  0
6331  0
6332  0
6333  0
6334  0
6335  0
6336  0
6337  0
6338  0
6339  0
6340  0
6341  0
6342  0
6343  0
6344  0
6345  0
6346  0
6347  0
6348  0
6349  0
6350  0
6351  0
6352  0
6353  0
6354  0
6355  0
6356  0
6357  0
6358  0
6359  0
6360  0
6361  0
6362  0
6363  0
6364  0
6365  0
6366  0
6367  0
6368  0
6369  0
6370  0
6371  0
6372  0
6373  0
6374  0
6375  0
6376  0
6377  0
6378  0
6379  0
6380  0
6381  0
6382  0
6383  0
6384  0
6385  0
6386  0
6387  0
6388  0
6389  0
6390  0
6391  0
6392  0
6393  0
6394  0
6395  0
6396  0
6397  0
6398  0
6399  0
6400  0
6401  0
6402  0
6403  0
6404  0
6405  0
6406  0
6407  0
6408  0
6409  0
6410  0
6411  0
6412  0
6413  0
6414  0
6415  0
6416  0
6417  1
6418  0
6419  0
6420  0
6421  0
6422  0
6423  0
6424  0
6425  0
6426  0
6427  0
6428  0
6429  0
6430  0
6431  0
6432  0
6433  0
6434  0
6435  0
6436  0
6437  0
6438  0
6439  0
6440  0
6441  0
6442  0
6443  0
6444  0
6445  0
6446  0
6447  0
6448  0
6449  0
6450  0
6451  0
6452  0
6453  0
6454  0
6455  0
6456  0
6457  0
6458  0
6459  0
6460  0
6461  0
6462  0
6463  0
6464  0
6465  0
6466  0
6467  0
6468  0
6469  0
6470  0
6471  0
6472  0
6473  0
6474  0
6475  0
6476  0
6477  0
6478  0
6479  0
6480  0
6481  0
6482  0
6483  0
6484  0
6485  0
6486  0
6487  0
6488  0
6489  0
6490  0
6491  0
6492  0
6493  0
6494  0
6495  0
6496  0
6497  0
6498  0
6499  0
6500  0
6501  0
6502  0
6503  0
6504  0
6505  0
6506  0
6507  0
6508  0
6509  0
6510  0
6511  0
6512  0
6513  0
6514  0
6515  0
6516  0
6517  0
6518  0
6519  0
6520  0
6521  0
6522  0
6523  0
6524  0
6525  0
6526  0
6527  0
6528  0
6529  0
6530  0
6531  0
6532  0
6533  0
6534  0
6535  0
6536  0
6537  0
6538  0
6539  0
6540  0
6541  0
6542  0
6543  0
6544  0
6545  0
6546  0
6547  0
6548  0
6549  0
6550  0
6551  0
6552  0
6553  0
6554  0
6555  0
6556  0
6557  0
6558  0
6559  0
6560  0
6561  0
6562  0
6563  0
6564  0
6565  0
6566  0
6567  0
6568  0
6569  0
6570  0
6571  0
6572  0
6573  0
6574  0
6575  0
6576  0
6577  0
6578  0
6579  0
6580  0
6581  0
6582  0
6583  0
6584  0
6585  0
6586  0
6587  0
6588  0
6589  0
6590  0
6591  0
6592  0
6593  0
6594  0
6595  0
6596  0
6597  0
6598  0
6599  0
6600  0
6601  0
6602  0
6603  0
6604  0
6605  0
6606  0
6607  0
6608  0
6609  0
6610  0
6611  0
6612  0
6613  0
6614  0
6615  0
6616  0
6617  0
6618  0
6619  0
6620  0
6621  0
6622  0
6623  0
6624  0
6625  0
6626  0
6627  0
6628  0
6629  0
6630  0
6631  0
6632  0
6633  0
6634  0
6635  0
6636  0
6637  0
6638  0
6639  0
6640  0
6641  0
6642  0
6643  0
6644  0
6645  0
6646  0
6647  0
6648  0
6649  0
6650  0
6651  0
6652  0
6653  0
6654  0
6655  0
6656  0
6657  0
6658  0
6659  0
6660  0
6661  0
6662  0
6663  0
6664  0
6665  0
6666  0
6667  0
6668  0
6669  0
6670  0
6671  0
6672  0
6673  0
6674  0
6675  0
6676  0
6677  0
6678  0
6679  0
6680  0
6681  0
6682  0
6683  0
6684  0
6685  0
6686  0
6687  0
6688  0
6689  0
6690  0
6691  0
6692  0
6693  0
6694  0
6695  0
6696  0
6697  0
6698  0
6699  0
6700  0
6701  0
6702  0
6703  0
6704  0
6705  0
6706  0
6707  0
6708  0
6709  0
6710  0
6711  0
6712  0
6713  0
6714  0
6715  0
6716  0
6717  0
6718  0
6719  0
6720  0
6721  0
6722  0
6723  0
6724  0
6725  0
6726  0
6727  0
6728  0
6729  0
6730  0
6731  0
6732  0
6733  0
6734  0
6735  0
6736  0
6737  0
6738  0
6739  0
6740  0
6741  0
6742  0
6743  0
6744  0
6745  0
6746  0
6747  0
6748  0
6749  0
6750  0
6751  0
6752  0
6753  0
6754  0
6755  0
6756  0
6757  0
6758  0
6759  0
6760  0
6761  0
6762  0
6763  0
6764  0
6765  0
6766  0
6767  0
6768  0
6769  0
6770  0
6771  0
6772  0
6773  0
6774  0
6775  0
6776  0
6777  0
6778  0
6779  0
6780  0
6781  0
6782  0
6783  0
6784  0
6785  0
6786  0
6787  0
6788  0
6789  0
6790  0
6791  0
6792  0
6793  0
6794  0
6795  0
6796  0
6797  0
6798  0
6799  0
6800  0
6801  0
6802  0
6803  0
6804  0
6805  0
6806  0
6807  0
6808  0
6809  0
6810  0
6811  0
6812  0
6813  0
6814  0
6815  0
6816  0
6817  0
6818  0
6819  0
6820  0
6821  0
6822  0
6823  0
6824  0
6825  0
6826  0
6827  0
6828  0
6829  0
6830  0
6831  0
6832  0
6833  0
6834  0
6835  0
6836  0
6837  0
6838  0
6839  0
6840  0
6841  0
6842  0
6843  0
6844  0
6845  0
6846  0
6847  0
6848  0
6849  0
6850  0
6851  0
6852  0
6853  0
6854  0
6855  0
6856  0
6857  0
6858  0
6859  0
6860  0
6861  0
6862  0
6863  0
6864  0
6865  0
6866  0
6867  0
6868  0
6869  0
6870  0
6871  0
6872  0
6873  0
6874  0
6875  0
6876  0
6877  0
6878  0
6879  0
6880  0
6881  0
6882  0
6883  0
6884  0
6885  0
6886  0
6887  0
6888  0
6889  0
6890  0
6891  0
6892  0
6893  0
6894  0
6895  0
6896  0
6897  0
6898  0
6899  0
6900  0
6901  0
6902  0
6903  0
6904  0
6905  0
6906  0
6907  0
6908  0
6909  0
6910  0
6911  0
6912  0
6913  0
6914  0
6915  0
6916  0
6917  0
6918  0
6919  0
6920  0
6921  0
6922  0
6923  0
6924  0
6925  0
6926  0
6927  0
6928  0
6929  0
6930  0
6931  0
6932  0
6933  0
6934  0
6935  0
6936  0
6937  0
6938  0
6939  0
6940  0
6941  0
6942  0
6943  0
6944  0
6945  0
6946  0
6947  0
6948  0
6949  0
6950  0
6951  0
6952  0
6953  0
6954  0
6955  0
6956  0
6957  0
6958  0
6959  0
6960  0
6961  0
6962  0
6963  0
6964  0
6965  0
6966  0
6967  0
6968  0
6969  0
6970  0
6971  0
6972  0
6973  0
6974  0
6975  0
6976  0
6977  0
6978  0
6979  0
6980  0
6981  0
6982  0
6983  0
6984  0
6985  0
6986  0
6987  0
6988  0
6989  0
6990  0
6991  0
6992  0
6993  0
6994  0
6995  0
6996  0
6997  0
6998  0
6999  0
7000  0
7001  0
7002  0
7003  0
7004  0
7005  0
7006  0
7007  0
7008  0
7009  0
7010  0
7011  0
7012  0
7013  0
7014  0
7015  0
7016  0
7017  0
7018  0
7019  0
7020  0
7021  0
7022  0
7023  0
7024  0
7025  0
7026  0
7027  0
7028  0
7029  0
7030  0
7031  0
7032  0
7033  0
7034  0
7035  0
7036  0
7037  0
7038  0
7039  0
7040  0
7041  0
7042  0
7043  0
7044  0
7045  0
7046  0
7047  0
7048  0
7049  0
7050  0
7051  0
7052  0
7053  0
7054  0
7055  0
7056  0
7057  0
7058  0
7059  0
7060  0
7061  0
7062  0
7063  0
7064  0
7065  0
7066  0
7067  0
7068  0
7069  0
7070  0
7071  0
7072  0
7073  0
7074  0
7075  0
7076  0
7077  0
7078  0
7079  0
7080  0
7081  0
7082  0
7083  0
7084  0
7085  0
7086  0
7087  0
7088  0
7089  0
7090  0
7091  0
7092  0
7093  0
7094  0
7095  0
7096  0
7097  0
7098  0
7099  0
7100  0
7101  0
7102  0
7103  0
7104  0
7105  0
7106  0
7107  0
7108  0
7109  0
7110  0
7111  0
7112  0
7113  0
7114  0
7115  0
7116  0
7117  0
7118  0
7119  0
7120  0
7121  0
7122  0
7123  0
7124  0
7125  0
7126  0
7127  0
7128  0
7129  0
7130  0
7131  0
7132  0
7133  0
7134  0
7135  0
7136  0
7137  0
7138  0
7139  0
7140  0
7141  0
7142  0
7143  0
7144  0
7145  0
7146  0
7147  0
7148  0
7149  0
7150  0
7151  0
7152  0
7153  0
7154  0
7155  0
7156  0
7157  0
7158  0
7159  0
7160  0
7161  0
7162  0
7163  0
7164  0
7165  0
7166  0
7167  0
7168  0
7169  0
7170  0
7171  0
7172  0
7173  0
7174  0
7175  0
7176  0
7177  0
7178  0
7179  0
7180  0
7181  0
7182  0
7183  0
7184  0
7185  0
7186  0
7187  0
7188  0
7189  0
7190  0
7191  0
7192  0
7193  0
7194  0
7195  0
7196  0
7197  0
7198  0
7199  0
7200  0
7201  0
7202  0
7203  0
7204  0
7205  0
7206  0
7207  0
7208  0
7209  0
7210  0
7211  0
7212  0
7213  0
7214  0
7215  0
7216  0
7217  0
7218  0
7219  0
7220  0
7221  0
7222  0
7223  0
7224  0
7225  0
7226  0
7227  0
7228  0
7229  0
7230  0
7231  0
7232  0
7233  0
7234  0
7235  0
7236  0
7237  0
7238  0
7239  0
7240  0
7241  0
7242  0
7243  0
7244  0
7245  0
7246  0
7247  0
7248  0
7249  0
7250  0
7251  0
7252  0
7253  0
7254  0
7255  0
7256  0
7257  0
7258  0
7259  0
7260  0
7261  0
7262  0
7263  0
7264  0
7265  0
7266  0
7267  0
7268  0
7269  0
7270  0
7271  0
7272  0
7273  0
7274  0
7275  0
7276  0
7277  0
7278  0
7279  0
7280  0
7281  0
7282  0
7283  0
7284  0
7285  0
7286  0
7287  0
7288  0
7289  0
7290  0
7291  0
7292  0
7293  0
7294  0
7295  0
7296  0
7297  0
7298  0
7299  0
7300  0
7301  0
7302  0
7303  0
7304  0
7305  0
7306  0
7307  0
7308  0
7309  0
7310  0
7311  0
7312  0
7313  0
7314  0
7315  0
7316  0
7317  0
7318  0
7319  0
7320  0
7321  0
7322  0
7323  0
7324  0
7325  0
7326  0
7327  0
7328  0
7329  0
7330  0
7331  0
7332  0
7333  0
7334  0
7335  0
7336  0
7337  0
7338  0
7339  0
7340  0
7341  0
7342  0
7343  0
7344  0
7345  0
7346  0
7347  0
7348  0
7349  0
7350  0
7351  0
7352  0
7353  0
7354  0
7355  0
7356  0
7357  0
7358  0
7359  0
7360  0
7361  0
7362  0
7363  0
7364  0
7365  0
7366  0
7367  0
7368  0
7369  0
7370  0
7371  0
7372  0
7373  0
7374  0
7375  0
7376  0
7377  0
7378  0
7379  0
7380  0
7381  0
7382  0
7383  0
7384  0
7385  0
7386  0
7387  0
7388  0
7389  0
7390  0
7391  0
7392  0
7393  0
7394  0
7395  0
7396  0
7397  0
7398  0
7399  0
7400  0
7401  0
7402  0
7403  0
7404  0
7405  0
7406  0
7407  0
7408  0
7409  0
7410  0
7411  0
7412  0
7413  0
7414  0
7415  0
7416  0
7417  0
7418  0
7419  0
7420  0
7421  0
7422  0
7423  0
7424  0
7425  0
7426  0
7427  0
7428  0
7429  0
7430  0
7431  0
7432  0
7433  0
7434  0
7435  0
7436  0
7437  0
7438  0
7439  0
7440  0
7441  0
7442  0
7443  0
7444  0
7445  0
7446  0
7447  0
7448  0
7449  0
7450  0
7451  0
7452  0
7453  0
7454  0
7455  0
7456  0
7457  0
7458  0
7459  0
7460  0
7461  0
7462  0
7463  0
7464  0
7465  0
7466  0
7467  0
7468  0
7469  0
7470  0
7471  0
7472  0
7473  0
7474  0
7475  0
7476  0
7477  0
7478  0
7479  0
7480  0
7481  0
7482  0
7483  0
7484  0
7485  0
7486  0
7487  0
7488  0
7489  0
7490  0
7491  0
7492  0
7493  0
7494  0
7495  0
7496  0
7497  0
7498  0
7499  0
7500  0
7501  0
7502  0
7503  0
7504  0
7505  0
7506  0
7507  0
7508  0
7509  0
7510  0
7511  0
7512  0
7513  0
7514  0
7515  0
7516  0
7517  0
7518  0
7519  0
7520  0
7521  0
7522  0
7523  0
7524  0
7525  0
7526  0
7527  0
7528  0
7529  0
7530  0
7531  0
7532  0
7533  0
7534  0
7535  0
7536  0
7537  0
7538  0
7539  0
7540  0
7541  0
7542  0
7543  0
7544  0
7545  0
7546  0
7547  0
7548  0
7549  0
7550  0
7551  0
7552  0
7553  0
7554  0
7555  0
7556  0
7557  0
7558  0
7559  0
7560  0
7561  0
7562  0
7563  0
7564  0
7565  0
7566  0
7567  0
7568  0
7569  0
7570  0
7571  0
7572  0
7573  0
7574  0
7575  0
7576  0
7577  0
7578  0
7579  0
7580  0
7581  0
7582  0
7583  0
7584  0
7585  0
7586  0
7587  0
7588  0
7589  0
7590  0
7591  0
7592  0
7593  0
7594  0
7595  0
7596  0
7597  0
7598  0
7599  0
7600  0
7601  0
7602  0
7603  0
7604  0
7605  0
7606  0
7607  0
7608  0
7609  0
7610  0
7611  0
7612  0
7613  0
7614  0
7615  0
7616  0
7617  0
7618  0
7619  0
7620  0
7621  0
7622  0
7623  0
7624  0
7625  0
7626  0
7627  0
7628  0
7629  0
7630  0
7631  0
7632  0
7633  0
7634  0
7635  0
7636  0
7637  0
7638  0
7639  0
7640  0
7641  0
7642  0
7643  0
7644  0
7645  0
7646  0
7647  0
7648  0
7649  0
7650  0
7651  0
7652  0
7653  0
7654  0
7655  0
7656  0
7657  0
7658  0
7659  0
7660  0
7661  0
7662  0
7663  0
7664  0
7665  0
7666  0
7667  0
7668  0
7669  0
7670  0
7671  0
7672  0
7673  0
7674  0
7675  0
7676  0
7677  0
7678  0
7679  0
7680  0
7681  0
7682  0
7683  0
7684  0
7685  0
7686  0
7687  0
7688  0
7689  0
7690  0
7691  0
7692  0
7693  0
7694  0
7695  0
7696  0
7697  0
7698  0
7699  0
7700  0
7701  0
7702  0
7703  0
7704  0
7705  0
7706  0
7707  0
7708  0
7709  0
7710  0
7711  0
7712  0
7713  0
7714  0
7715  0
7716  0
7717  0
7718  0
7719  0
7720  0
7721  0
7722  0
7723  0
7724  0
7725  0
7726  0
7727  0
7728  0
7729  0
7730  0
7731  0
7732  0
7733  0
7734  0
7735  0
7736  0
7737  0
7738  0
7739  0
7740  0
7741  0
7742  0
7743  0
7744  0
7745  0
7746  0
7747  0
7748  0
7749  0
7750  0
7751  0
7752  0
7753  0
7754  0
7755  0
7756  0
7757  0
7758  0
7759  0
7760  0
7761  0
7762  0
7763  0
7764  0
7765  0
7766  0
7767  0
7768  0
7769  0
7770  0
7771  0
7772  0
7773  0
7774  0
7775  0
7776  0
7777  0
7778  0
7779  0
7780  0
7781  0
7782  0
7783  0
7784  0
7785  0
7786  0
7787  0
7788  0
7789  0
7790  0
7791  0
7792  0
7793  0
7794  0
7795  0
7796  0
7797  0
7798  0
7799  0
7800  0
7801  0
7802  0
7803  0
7804  0
7805  0
7806  0
7807  0
7808  0
7809  0
7810  0
7811  0
7812  0
7813  0
7814  0
7815  0
7816  0
7817  0
7818  0
7819  0
7820  0
7821  0
7822  0
7823  0
7824  0
7825  0
7826  0
7827  0
7828  0
7829  0
7830  0
7831  0
7832  0
7833  0
7834  0
7835  0
7836  0
7837  0
7838  0
7839  0
7840  0
7841  0
7842  0
7843  0
7844  0
7845  0
7846  0
7847  0
7848  0
7849  0
7850  0
7851  0
7852  0
7853  0
7854  0
7855  0
7856  0
7857  0
7858  0
7859  0
7860  0
7861  0
7862  0
7863  0
7864  0
7865  0
7866  0
7867  0
7868  0
7869  0
7870  0
7871  0
7872  0
7873  0
7874  0
7875  0
7876  0
7877  0
7878  0
7879  0
7880  0
7881  0
7882  0
7883  0
7884  0
7885  0
7886  0
7887  0
7888  0
7889  0
7890  0
7891  0
7892  0
7893  0
7894  0
7895  0
7896  0
7897  0
7898  0
7899  0
7900  0
7901  0
7902  0
7903  0
7904  0
7905  0
7906  0
7907  0
7908  0
7909  0
7910  0
7911  0
7912  0
7913  0
7914  0
7915  0
7916  0
7917  0
7918  0
7919  0
7920  0
7921  0
7922  0
7923  0
7924  0
7925  0
7926  0
7927  0
7928  0
7929  0
7930  0
7931  0
7932  0
7933  0
7934  0
7935  0
7936  0
7937  0
7938  0
7939  0
7940  0
7941  0
7942  0
7943  0
7944  0
7945  0
7946  0
7947  0
7948  0
7949  0
7950  0
7951  0
7952  0
7953  0
7954  0
7955  0
7956  0
7957  0
7958  0
7959  0
7960  0
7961  0
7962  0
7963  0
7964  0
7965  0
7966  0
7967  0
7968  0
7969  0
7970  0
7971  0
7972  0
7973  0
7974  0
7975  0
7976  0
7977  0
7978  0
7979  0
7980  0
7981  0
7982  0
7983  0
7984  0
7985  0
7986  0
7987  0
7988  0
7989  0
7990  0
7991  0
7992  0
7993  0
7994  0
7995  0
7996  0
7997  0
7998  0
7999  0
8000  0
8001  0
8002  0
8003  0
8004  0
8005  0
8006  0
8007  0
8008  0
8009  0
8010  0
8011  0
8012  0
8013  0
8014  0
8015  0
8016  0
8017  0
8018  0
8019  0
8020  0
8021  0
8022  0
8023  0
8024  0
8025  0
8026  0
8027  0
8028  0
8029  0
8030  0
8031  0
8032  0
8033  0
8034  0
8035  0
8036  0
8037  0
8038  0
8039  0
8040  0
8041  0
8042  0
8043  0
8044  0
8045  0
8046  0
8047  0
8048  0
8049  0
8050  0
8051  0
8052  0
8053  0
8054  0
8055  0
8056  0
8057  0
8058  0
8059  0
8060  0
8061  0
8062  0
8063  0
8064  0
8065  0
8066  0
8067  0
8068  0
8069  0
8070  0
8071  0
8072  0
8073  0
8074  0
8075  0
8076  0
8077  0
8078  0
8079  0
8080  0
8081  0
8082  0
8083  0
8084  0
8085  0
8086  0
8087  0
8088  0
8089  0
8090  0
8091  0
8092  0
8093  0
8094  0
8095  0
8096  0
8097  0
8098  0
8099  0
8100  0
8101  0
8102  0
8103  0
8104  0
8105  0
8106  0
8107  0
8108  0
8109  0
8110  0
8111  0
8112  0
8113  0
8114  0
8115  0
8116  0
8117  0
8118  0
8119  0
8120  0
8121  0
8122  0
8123  0
8124  0
8125  0
8126  0
8127  0
8128  0
8129  0
8130  0
8131  0
8132  0
8133  0
8134  0
8135  0
8136  0
8137  0
8138  0
8139  0
8140  0
8141  0
8142  0
8143  0
8144  0
8145  0
8146  0
8147  0
8148  0
8149  0
8150  0
8151  0
8152  0
8153  0
8154  0
8155  0
8156  0
8157  0
8158  0
8159  0
8160  0
8161  0
8162  0
8163  0
8164  0
8165  0
8166  0
8167  0
8168  0
8169  0
8170  0
8171  0
8172  0
8173  0
8174  0
8175  0
8176  0
8177  0
8178  0
8179  0
8180  0
8181  0
8182  0
8183  0
8184  0
8185  0
8186  0
8187  0
8188  0
8189  0
8190  0
8191  0
